Height	L	M	S	P01	P1	P3	P5	P10	P15	P25	P50	P75	P85	P90	P95	P97	P99	P999
65	-0.3833	7.2402	0.09113	5.541	5.905	6.133	6.258	6.459	6.599	6.813	7.24	7.705	7.971	8.159	8.449	8.645	9.032	9.754
65.1	-0.3833	7.2627	0.09112	5.559	5.924	6.152	6.278	6.479	6.619	6.835	7.263	7.729	7.996	8.184	8.475	8.671	9.06	9.784
65.2	-0.3833	7.2852	0.09111	5.576	5.942	6.171	6.297	6.499	6.64	6.856	7.285	7.753	8.021	8.21	8.501	8.698	9.088	9.814
65.3	-0.3833	7.3076	0.0911	5.593	5.96	6.19	6.317	6.519	6.66	6.877	7.308	7.776	8.045	8.235	8.527	8.725	9.115	9.844
65.4	-0.3833	7.33	0.09109	5.611	5.979	6.209	6.336	6.539	6.681	6.898	7.33	7.8	8.07	8.26	8.553	8.751	9.143	9.873
65.5	-0.3833	7.3523	0.09109	5.628	5.997	6.228	6.356	6.559	6.701	6.919	7.352	7.824	8.094	8.285	8.579	8.778	9.171	9.903
65.6	-0.3833	7.3745	0.09108	5.645	6.015	6.247	6.375	6.579	6.721	6.94	7.375	7.848	8.119	8.31	8.605	8.804	9.198	9.933
65.7	-0.3833	7.3967	0.09107	5.662	6.034	6.266	6.394	6.599	6.742	6.961	7.397	7.871	8.143	8.335	8.631	8.83	9.226	9.963
65.8	-0.3833	7.4189	0.09106	5.679	6.052	6.285	6.413	6.618	6.762	6.982	7.419	7.895	8.167	8.36	8.656	8.857	9.253	9.992
65.9	-0.3833	7.441	0.09105	5.696	6.07	6.304	6.433	6.638	6.782	7.003	7.441	7.918	8.192	8.384	8.682	8.883	9.28	10.021
66	-0.3833	7.463	0.09104	5.713	6.088	6.322	6.452	6.658	6.802	7.024	7.463	7.941	8.216	8.409	8.707	8.909	9.308	10.051
66.1	-0.3833	7.485	0.09103	5.73	6.106	6.341	6.471	6.678	6.822	7.044	7.485	7.965	8.24	8.434	8.733	8.935	9.335	10.08
66.2	-0.3833	7.5069	0.09102	5.747	6.124	6.36	6.49	6.697	6.842	7.065	7.507	7.988	8.264	8.458	8.758	8.961	9.362	10.109
66.3	-0.3833	7.5288	0.09101	5.764	6.142	6.379	6.509	6.717	6.863	7.086	7.529	8.011	8.288	8.483	8.784	8.987	9.389	10.138
66.4	-0.3833	7.5507	0.091	5.781	6.16	6.397	6.528	6.737	6.883	7.106	7.551	8.035	8.312	8.508	8.809	9.013	9.416	10.167
66.5	-0.3833	7.5724	0.09099	5.798	6.178	6.416	6.547	6.756	6.902	7.127	7.572	8.058	8.336	8.532	8.834	9.039	9.443	10.196
66.6	-0.3833	7.5942	0.09098	5.815	6.196	6.434	6.566	6.776	6.922	7.147	7.594	8.081	8.36	8.556	8.86	9.065	9.47	10.225
66.7	-0.3833	7.6158	0.09097	5.831	6.214	6.453	6.585	6.795	6.942	7.168	7.616	8.104	8.383	8.581	8.885	9.09	9.497	10.254
66.8	-0.3833	7.6375	0.09096	5.848	6.231	6.471	6.603	6.814	6.962	7.188	7.638	8.127	8.407	8.605	8.91	9.116	9.523	10.283
66.9	-0.3833	7.659	0.09095	5.865	6.249	6.49	6.622	6.834	6.982	7.208	7.659	8.15	8.431	8.629	8.935	9.141	9.55	10.312
67	-0.3833	7.6806	0.09094	5.881	6.267	6.508	6.641	6.853	7.001	7.229	7.681	8.172	8.454	8.653	8.96	9.167	9.577	10.34
67.1	-0.3833	7.702	0.09093	5.898	6.284	6.526	6.659	6.872	7.021	7.249	7.702	8.195	8.478	8.677	8.985	9.192	9.603	10.369
67.2	-0.3833	7.7234	0.09091	5.915	6.302	6.545	6.678	6.891	7.041	7.269	7.723	8.218	8.501	8.701	9.009	9.217	9.629	10.397
67.3	-0.3833	7.7448	0.0909	5.931	6.32	6.563	6.697	6.911	7.06	7.289	7.745	8.241	8.525	8.725	9.034	9.243	9.656	10.425
67.4	-0.3833	7.7661	0.09089	5.948	6.337	6.581	6.715	6.93	7.08	7.309	7.766	8.263	8.548	8.749	9.059	9.268	9.682	10.454
67.5	-0.3833	7.7874	0.09088	5.964	6.355	6.599	6.734	6.949	7.099	7.33	7.787	8.286	8.571	8.773	9.083	9.293	9.708	10.482
67.6	-0.3833	7.8086	0.09087	5.981	6.372	6.617	6.752	6.968	7.119	7.35	7.809	8.308	8.595	8.797	9.108	9.318	9.735	10.51
67.7	-0.3833	7.8298	0.09086	5.997	6.39	6.635	6.771	6.987	7.138	7.37	7.83	8.331	8.618	8.82	9.133	9.343	9.761	10.538
67.8	-0.3833	7.8509	0.09085	6.013	6.407	6.653	6.789	7.006	7.157	7.389	7.851	8.353	8.641	8.844	9.157	9.368	9.787	10.566
67.9	-0.3833	7.872	0.09084	6.03	6.424	6.671	6.807	7.025	7.177	7.409	7.872	8.376	8.664	8.868	9.181	9.393	9.813	10.594
68	-0.3833	7.893	0.09083	6.046	6.442	6.689	6.826	7.043	7.196	7.429	7.893	8.398	8.687	8.891	9.206	9.418	9.839	10.622
68.1	-0.3833	7.914	0.09082	6.062	6.459	6.707	6.844	7.062	7.215	7.449	7.914	8.42	8.71	8.915	9.23	9.443	9.865	10.65
68.2	-0.3833	7.935	0.0908	6.079	6.476	6.725	6.862	7.081	7.234	7.469	7.935	8.442	8.733	8.938	9.254	9.468	9.89	10.678
68.3	-0.3833	7.9559	0.09079	6.095	6.494	6.743	6.881	7.1	7.253	7.489	7.956	8.464	8.756	8.962	9.278	9.493	9.916	10.705
68.4	-0.3833	7.9768	0.09078	6.111	6.511	6.761	6.899	7.119	7.273	7.508	7.977	8.487	8.779	8.985	9.303	9.517	9.942	10.733
68.5	-0.3833	7.9976	0.09077	6.127	6.528	6.779	6.917	7.137	7.292	7.528	7.998	8.509	8.802	9.008	9.327	9.542	9.968	10.761
68.6	-0.3833	8.0184	0.09076	6.143	6.545	6.796	6.935	7.156	7.311	7.548	8.018	8.531	8.825	9.032	9.351	9.567	9.993	10.788
68.7	-0.3833	8.0392	0.09075	6.159	6.562	6.814	6.953	7.175	7.33	7.567	8.039	8.553	8.847	9.055	9.375	9.591	10.019	10.816
68.8	-0.3833	8.0599	0.09074	6.175	6.579	6.832	6.971	7.193	7.349	7.587	8.06	8.575	8.87	9.078	9.399	9.616	10.044	10.843
68.9	-0.3833	8.0806	0.09072	6.192	6.596	6.85	6.989	7.212	7.368	7.606	8.081	8.597	8.893	9.101	9.423	9.64	10.07	10.87
69	-0.3833	8.1012	0.09071	6.207	6.613	6.867	7.007	7.23	7.386	7.626	8.101	8.619	8.915	9.124	9.447	9.664	10.095	10.898
69.1	-0.3833	8.1218	0.0907	6.223	6.63	6.885	7.025	7.249	7.405	7.645	8.122	8.64	8.938	9.147	9.47	9.689	10.121	10.925
69.2	-0.3833	8.1424	0.09069	6.239	6.647	6.902	7.043	7.267	7.424	7.665	8.142	8.662	8.96	9.17	9.494	9.713	10.146	10.952
69.3	-0.3833	8.163	0.09068	6.255	6.664	6.92	7.061	7.286	7.443	7.684	8.163	8.684	8.983	9.193	9.518	9.738	10.171	10.98
69.4	-0.3833	8.1835	0.09067	6.271	6.681	6.937	7.079	7.304	7.462	7.703	8.184	8.706	9.005	9.216	9.542	9.762	10.197	11.007
69.5	-0.3833	8.2039	0.09065	6.287	6.698	6.955	7.097	7.322	7.481	7.723	8.204	8.728	9.028	9.239	9.565	9.786	10.222	11.034
69.6	-0.3833	8.2244	0.09064	6.303	6.715	6.972	7.114	7.341	7.499	7.742	8.224	8.749	9.05	9.262	9.589	9.81	10.247	11.061
69.7	-0.3833	8.2448	0.09063	6.319	6.732	6.99	7.132	7.359	7.518	7.761	8.245	8.771	9.072	9.285	9.613	9.834	10.272	11.088
69.8	-0.3833	8.2651	0.09062	6.335	6.748	7.007	7.15	7.377	7.537	7.781	8.265	8.792	9.095	9.308	9.636	9.858	10.297	11.115
69.9	-0.3833	8.2855	0.09061	6.35	6.765	7.025	7.168	7.396	7.555	7.8	8.286	8.814	9.117	9.331	9.66	9.882	10.322	11.142
70	-0.3833	8.3058	0.09059	6.366	6.782	7.042	7.185	7.414	7.574	7.819	8.306	8.836	9.139	9.353	9.683	9.906	10.347	11.168
70.1	-0.3833	8.3261	0.09058	6.382	6.799	7.059	7.203	7.432	7.593	7.838	8.326	8.857	9.161	9.376	9.707	9.93	10.372	11.195
70.2	-0.3833	8.3464	0.09057	6.398	6.816	7.077	7.221	7.45	7.611	7.857	8.346	8.879	9.184	9.399	9.73	9.954	10.397	11.222
70.3	-0.3833	8.3666	0.09056	6.414	6.832	7.094	7.238	7.469	7.63	7.876	8.367	8.9	9.206	9.421	9.754	9.978	10.422	11.249
70.4	-0.3833	8.3869	0.09055	6.429	6.849	7.111	7.256	7.487	7.648	7.896	8.387	8.922	9.228	9.444	9.777	10.002	10.447	11.276
70.5	-0.3833	8.4071	0.09053	6.445	6.866	7.129	7.274	7.505	7.667	7.915	8.407	8.943	9.25	9.466	9.8	10.026	10.472	11.302
70.6	-0.3833	8.4273	0.09052	6.461	6.882	7.146	7.291	7.523	7.685	7.934	8.427	8.964	9.272	9.489	9.824	10.05	10.497	11.329
70.7	-0.3833	8.4474	0.09051	6.476	6.899	7.163	7.309	7.541	7.704	7.953	8.447	8.986	9.294	9.512	9.847	10.073	10.521	11.356
70.8	-0.3833	8.4676	0.0905	6.492	6.916	7.18	7.326	7.559	7.722	7.972	8.468	9.007	9.316	9.534	9.87	10.097	10.546	11.382
70.9	-0.3833	8.4877	0.09048	6.508	6.932	7.198	7.344	7.577	7.741	7.991	8.488	9.028	9.338	9.557	9.893	10.121	10.571	11.409
71	-0.3833	8.5078	0.09047	6.523	6.949	7.215	7.361	7.595	7.759	8.01	8.508	9.05	9.36	9.579	9.917	10.145	10.595	11.435
71.1	-0.3833	8.5278	0.09046	6.539	6.965	7.232	7.379	7.613	7.777	8.029	8.528	9.071	9.382	9.601	9.94	10.168	10.62	11.462
71.2	-0.3833	8.5479	0.09045	6.555	6.982	7.249	7.396	7.631	7.796	8.048	8.548	9.092	9.404	9.624	9.963	10.192	10.645	11.488
71.3	-0.3833	8.5679	0.09043	6.57	6.999	7.266	7.414	7.649	7.814	8.067	8.568	9.113	9.426	9.646	9.986	10.215	10.669	11.514
71.4	-0.3833	8.5879	0.09042	6.586	7.015	7.283	7.431	7.667	7.833	8.085	8.588	9.135	9.448	9.669	10.009	10.239	10.694	11.541
71.5	-0.3833	8.6078	0.09041	6.601	7.031	7.3	7.449	7.685	7.851	8.104	8.608	9.156	9.47	9.691	10.032	10.263	10.718	11.567
71.6	-0.3833	8.6277	0.0904	6.617	7.048	7.317	7.466	7.703	7.869	8.123	8.628	9.177	9.491	9.713	10.055	10.286	10.743	11.594
71.7	-0.3833	8.6476	0.09039	6.632	7.064	7.334	7.483	7.721	7.887	8.142	8.648	9.198	9.513	9.735	10.078	10.31	10.767	11.62
71.8	-0.3833	8.6674	0.09037	6.648	7.081	7.352	7.501	7.739	7.905	8.161	8.667	9.219	9.535	9.757	10.101	10.333	10.791	11.646
71.9	-0.3833	8.6872	0.09036	6.663	7.097	7.368	7.518	7.757	7.924	8.179	8.687	9.24	9.557	9.78	10.124	10.356	10.816	11.672
72	-0.3833	8.707	0.09035	6.678	7.113	7.385	7.535	7.774	7.942	8.198	8.707	9.261	9.578	9.802	10.147	10.38	10.84	11.698
72.1	-0.3833	8.7267	0.09034	6.694	7.13	7.402	7.552	7.792	7.96	8.217	8.727	9.282	9.6	9.824	10.169	10.403	10.864	11.724
72.2	-0.3833	8.7464	0.09032	6.709	7.146	7.419	7.57	7.81	7.978	8.235	8.746	9.303	9.621	9.846	10.192	10.426	10.888	11.75
72.3	-0.3833	8.7661	0.09031	6.724	7.162	7.436	7.587	7.828	7.996	8.254	8.766	9.323	9.643	9.868	10.215	10.449	10.913	11.776
72.4	-0.3833	8.7857	0.0903	6.74	7.178	7.453	7.604	7.845	8.014	8.272	8.786	9.344	9.664	9.89	10.237	10.472	10.937	11.802
72.5	-0.3833	8.8053	0.09028	6.755	7.195	7.47	7.621	7.863	8.032	8.291	8.805	9.365	9.686	9.912	10.26	10.495	10.961	11.827
72.6	-0.3833	8.8248	0.09027	6.77	7.211	7.486	7.638	7.88	8.05	8.309	8.825	9.386	9.707	9.933	10.282	10.518	10.985	11.853
72.7	-0.3833	8.8443	0.09026	6.785	7.227	7.503	7.655	7.898	8.068	8.328	8.844	9.406	9.728	9.955	10.305	10.541	11.009	11.879
72.8	-0.3833	8.8638	0.09025	6.801	7.243	7.52	7.672	7.915	8.086	8.346	8.864	9.427	9.75	9.977	10.328	10.564	11.033	11.905
72.9	-0.3833	8.8831	0.09023	6.816	7.259	7.536	7.689	7.933	8.103	8.364	8.883	9.447	9.771	9.998	10.35	10.587	11.056	11.93
73	-0.3833	8.9025	0.09022	6.831	7.275	7.553	7.706	7.95	8.121	8.383	8.903	9.468	9.792	10.02	10.372	10.61	11.08	11.955
73.1	-0.3833	8.9217	0.09021	6.846	7.291	7.569	7.723	7.967	8.139	8.401	8.922	9.488	9.813	10.042	10.394	10.633	11.104	11.981
73.2	-0.3833	8.941	0.0902	6.861	7.307	7.586	7.74	7.985	8.156	8.419	8.941	9.509	9.834	10.063	10.417	10.655	11.127	12.006
73.3	-0.3833	8.9601	0.09018	6.876	7.323	7.602	7.756	8.002	8.174	8.437	8.96	9.529	9.855	10.084	10.438	10.678	11.151	12.031
73.4	-0.3833	8.9792	0.09017	6.891	7.339	7.619	7.773	8.019	8.191	8.455	8.979	9.549	9.876	10.106	10.461	10.7	11.174	12.056
73.5	-0.3833	8.9983	0.09016	6.905	7.354	7.635	7.79	8.036	8.209	8.473	8.998	9.569	9.897	10.127	10.483	10.723	11.198	12.082
73.6	-0.3833	9.0173	0.09014	6.92	7.37	7.651	7.806	8.054	8.226	8.491	9.017	9.589	9.917	10.148	10.504	10.745	11.221	12.106
73.7	-0.3833	9.0363	0.09013	6.935	7.386	7.668	7.823	8.071	8.244	8.509	9.036	9.61	9.938	10.169	10.526	10.767	11.244	12.131
73.8	-0.3833	9.0552	0.09012	6.95	7.402	7.684	7.839	8.088	8.261	8.527	9.055	9.63	9.959	10.191	10.548	10.79	11.267	12.156
73.9	-0.3833	9.074	0.09011	6.965	7.417	7.7	7.856	8.104	8.278	8.545	9.074	9.65	9.979	10.212	10.57	10.812	11.29	12.181
74	-0.3833	9.0928	0.09009	6.979	7.433	7.716	7.872	8.121	8.296	8.563	9.093	9.669	10	10.233	10.591	10.834	11.313	12.205
74.1	-0.3833	9.1116	0.09008	6.994	7.448	7.732	7.889	8.138	8.313	8.58	9.112	9.689	10.02	10.254	10.613	10.856	11.336	12.23
74.2	-0.3833	9.1303	0.09007	7.009	7.464	7.748	7.905	8.155	8.33	8.598	9.13	9.709	10.041	10.274	10.635	10.878	11.359	12.255
74.3	-0.3833	9.149	0.09005	7.023	7.479	7.764	7.921	8.172	8.347	8.616	9.149	9.729	10.061	10.295	10.656	10.9	11.382	12.279
74.4	-0.3833	9.1676	0.09004	7.038	7.495	7.78	7.938	8.189	8.364	8.633	9.168	9.749	10.082	10.316	10.678	10.922	11.405	12.304
74.5	-0.3833	9.1862	0.09003	7.052	7.51	7.796	7.954	8.205	8.381	8.651	9.186	9.768	10.102	10.337	10.699	10.944	11.428	12.328
74.6	-0.3833	9.2048	0.09001	7.067	7.526	7.812	7.97	8.222	8.399	8.669	9.205	9.788	10.122	10.357	10.72	10.966	11.45	12.352
74.7	-0.3833	9.2233	0.09	7.081	7.541	7.828	7.986	8.239	8.416	8.686	9.223	9.808	10.142	10.378	10.742	10.987	11.473	12.377
74.8	-0.3833	9.2418	0.08999	7.096	7.556	7.844	8.003	8.256	8.433	8.704	9.242	9.827	10.163	10.399	10.763	11.009	11.496	12.401
74.9	-0.3833	9.2602	0.08997	7.11	7.572	7.86	8.019	8.272	8.449	8.721	9.26	9.847	10.183	10.419	10.784	11.031	11.518	12.425
75	-0.3833	9.2786	0.08996	7.125	7.587	7.876	8.035	8.289	8.466	8.738	9.279	9.866	10.203	10.44	10.805	11.052	11.54	12.449
75.1	-0.3833	9.297	0.08995	7.139	7.602	7.891	8.051	8.305	8.483	8.756	9.297	9.886	10.223	10.46	10.827	11.074	11.563	12.474
75.2	-0.3833	9.3154	0.08993	7.153	7.617	7.907	8.067	8.322	8.5	8.773	9.315	9.905	10.243	10.481	10.848	11.096	11.585	12.497
75.3	-0.3833	9.3337	0.08992	7.168	7.632	7.923	8.083	8.338	8.517	8.791	9.334	9.924	10.263	10.501	10.869	11.117	11.608	12.521
75.4	-0.3833	9.352	0.08991	7.182	7.648	7.939	8.099	8.355	8.534	8.808	9.352	9.944	10.283	10.522	10.89	11.139	11.63	12.546
75.5	-0.3833	9.3703	0.08989	7.196	7.663	7.954	8.115	8.371	8.551	8.825	9.37	9.963	10.303	10.542	10.911	11.16	11.652	12.569
75.6	-0.3833	9.3886	0.08988	7.211	7.678	7.97	8.131	8.388	8.567	8.842	9.389	9.983	10.323	10.562	10.932	11.182	11.675	12.593
75.7	-0.3833	9.4069	0.08987	7.225	7.693	7.986	8.147	8.404	8.584	8.86	9.407	10.002	10.343	10.583	10.953	11.203	11.697	12.618
75.8	-0.3833	9.4252	0.08985	7.239	7.708	8.002	8.163	8.421	8.601	8.877	9.425	10.021	10.363	10.603	10.974	11.224	11.72	12.641
75.9	-0.3833	9.4435	0.08984	7.254	7.724	8.017	8.179	8.437	8.618	8.894	9.444	10.041	10.383	10.624	10.995	11.246	11.742	12.665
76	-0.3833	9.4617	0.08983	7.268	7.739	8.033	8.195	8.454	8.635	8.912	9.462	10.06	10.403	10.644	11.016	11.268	11.764	12.689
76.1	-0.3833	9.48	0.08981	7.282	7.754	8.049	8.211	8.47	8.651	8.929	9.48	10.079	10.423	10.664	11.037	11.289	11.786	12.713
76.2	-0.3833	9.4983	0.0898	7.297	7.769	8.064	8.227	8.487	8.668	8.946	9.498	10.099	10.443	10.685	11.058	11.31	11.809	12.737
76.3	-0.3833	9.5166	0.08979	7.311	7.784	8.08	8.243	8.503	8.685	8.964	9.517	10.118	10.463	10.705	11.079	11.332	11.831	12.761
76.4	-0.3833	9.535	0.08977	7.325	7.8	8.096	8.259	8.52	8.702	8.981	9.535	10.137	10.483	10.726	11.1	11.353	11.854	12.785
76.5	-0.3833	9.5533	0.08976	7.34	7.815	8.112	8.275	8.536	8.719	8.998	9.553	10.157	10.503	10.746	11.121	11.375	11.876	12.809
76.6	-0.3833	9.5717	0.08975	7.354	7.83	8.127	8.291	8.553	8.736	9.016	9.572	10.176	10.523	10.767	11.143	11.397	11.899	12.833
76.7	-0.3833	9.5901	0.08973	7.368	7.845	8.143	8.308	8.569	8.753	9.033	9.59	10.196	10.543	10.787	11.164	11.418	11.921	12.857
76.8	-0.3833	9.6086	0.08972	7.383	7.861	8.159	8.324	8.586	8.77	9.051	9.609	10.215	10.563	10.808	11.185	11.44	11.944	12.881
76.9	-0.3833	9.6271	0.08971	7.397	7.876	8.175	8.34	8.603	8.787	9.068	9.627	10.235	10.583	10.828	11.206	11.462	11.966	12.906
77	-0.3833	9.6456	0.08969	7.412	7.891	8.191	8.356	8.619	8.804	9.086	9.646	10.254	10.603	10.849	11.227	11.483	11.989	12.93
77.1	-0.3833	9.6642	0.08968	7.426	7.907	8.207	8.372	8.636	8.821	9.103	9.664	10.274	10.624	10.87	11.249	11.505	12.012	12.954
77.2	-0.3833	9.6828	0.08966	7.441	7.922	8.223	8.389	8.653	8.838	9.121	9.683	10.294	10.644	10.89	11.27	11.527	12.034	12.978
77.3	-0.3833	9.7015	0.08965	7.456	7.938	8.239	8.405	8.67	8.855	9.139	9.702	10.314	10.664	10.911	11.292	11.549	12.057	13.003
77.4	-0.3833	9.7202	0.08964	7.47	7.953	8.255	8.421	8.687	8.872	9.156	9.72	10.333	10.685	10.932	11.313	11.571	12.08	13.027
77.5	-0.3833	9.739	0.08963	7.485	7.969	8.271	8.438	8.704	8.889	9.174	9.739	10.353	10.705	10.953	11.335	11.593	12.103	13.052
77.6	-0.3833	9.7578	0.08961	7.5	7.985	8.288	8.454	8.721	8.907	9.192	9.758	10.373	10.726	10.974	11.356	11.615	12.126	13.076
77.7	-0.3833	9.7767	0.0896	7.515	8	8.304	8.471	8.738	8.924	9.21	9.777	10.393	10.746	10.995	11.378	11.637	12.149	13.101
77.8	-0.3833	9.7957	0.08959	7.529	8.016	8.32	8.487	8.755	8.942	9.228	9.796	10.413	10.767	11.016	11.4	11.66	12.172	13.126
77.9	-0.3833	9.8147	0.08957	7.544	8.032	8.336	8.504	8.772	8.959	9.246	9.815	10.433	10.788	11.037	11.422	11.682	12.195	13.151
78	-0.3833	9.8338	0.08956	7.559	8.048	8.353	8.521	8.789	8.977	9.264	9.834	10.454	10.809	11.059	11.444	11.704	12.219	13.176
78.1	-0.3833	9.853	0.08955	7.574	8.064	8.369	8.538	8.806	8.994	9.282	9.853	10.474	10.83	11.08	11.466	11.727	12.242	13.201
78.2	-0.3833	9.8722	0.08953	7.589	8.08	8.386	8.555	8.824	9.012	9.3	9.872	10.494	10.85	11.101	11.488	11.749	12.265	13.226
78.3	-0.3833	9.8915	0.08952	7.605	8.096	8.402	8.571	8.841	9.03	9.318	9.892	10.515	10.872	11.123	11.51	11.772	12.289	13.251
78.4	-0.3833	9.9109	0.08951	7.62	8.112	8.419	8.588	8.858	9.047	9.337	9.911	10.535	10.893	11.144	11.533	11.795	12.313	13.277
78.5	-0.3833	9.9303	0.0895	7.635	8.128	8.436	8.605	8.876	9.065	9.355	9.93	10.556	10.914	11.166	11.555	11.818	12.337	13.303
78.6	-0.3833	9.9499	0.08948	7.65	8.144	8.453	8.623	8.894	9.083	9.374	9.95	10.576	10.935	11.188	11.577	11.841	12.36	13.328
78.7	-0.3833	9.9695	0.08947	7.666	8.16	8.469	8.64	8.911	9.101	9.392	9.97	10.597	10.957	11.21	11.6	11.864	12.384	13.354
78.8	-0.3833	9.9892	0.08946	7.681	8.177	8.486	8.657	8.929	9.119	9.411	9.989	10.618	10.978	11.232	11.623	11.887	12.409	13.38
78.9	-0.3833	10.009	0.08945	7.696	8.193	8.503	8.674	8.947	9.137	9.429	10.009	10.639	11	11.254	11.646	11.91	12.433	13.406
79	-0.3833	10.0289	0.08943	7.712	8.21	8.52	8.692	8.965	9.156	9.448	10.029	10.66	11.021	11.276	11.668	11.933	12.457	13.431
79.1	-0.3833	10.0489	0.08942	7.728	8.226	8.538	8.709	8.983	9.174	9.467	10.049	10.681	11.043	11.298	11.691	11.957	12.481	13.458
79.2	-0.3833	10.069	0.08941	7.743	8.243	8.555	8.727	9.001	9.193	9.486	10.069	10.702	11.065	11.321	11.715	11.981	12.506	13.484
79.3	-0.3833	10.0891	0.0894	7.759	8.259	8.572	8.744	9.019	9.211	9.505	10.089	10.724	11.087	11.343	11.738	12.004	12.531	13.511
79.4	-0.3833	10.1094	0.08939	7.775	8.276	8.589	8.762	9.037	9.23	9.524	10.109	10.745	11.109	11.366	11.761	12.028	12.556	13.537
79.5	-0.3833	10.1298	0.08937	7.791	8.293	8.607	8.78	9.056	9.249	9.544	10.13	10.767	11.132	11.388	11.785	12.052	12.58	13.564
79.6	-0.3833	10.1503	0.08936	7.807	8.31	8.625	8.798	9.074	9.267	9.563	10.15	10.789	11.154	11.411	11.808	12.076	12.606	13.591
79.7	-0.3833	10.1709	0.08935	7.823	8.327	8.642	8.816	9.093	9.286	9.583	10.171	10.81	11.177	11.434	11.832	12.1	12.631	13.618
79.8	-0.3833	10.1916	0.08934	7.839	8.344	8.66	8.834	9.111	9.305	9.602	10.192	10.832	11.199	11.458	11.856	12.125	12.656	13.645
79.9	-0.3833	10.2123	0.08933	7.855	8.362	8.678	8.852	9.13	9.324	9.622	10.212	10.854	11.222	11.481	11.88	12.149	12.682	13.672
80	-0.3833	10.2332	0.08932	7.872	8.379	8.696	8.87	9.149	9.343	9.642	10.233	10.876	11.245	11.504	11.904	12.174	12.707	13.7
80.1	-0.3833	10.2542	0.0893	7.888	8.396	8.714	8.889	9.168	9.363	9.661	10.254	10.899	11.267	11.527	11.928	12.198	12.733	13.727
80.2	-0.3833	10.2753	0.08929	7.905	8.414	8.732	8.907	9.187	9.382	9.681	10.275	10.921	11.291	11.551	11.952	12.223	12.759	13.755
80.3	-0.3833	10.2965	0.08928	7.921	8.431	8.75	8.926	9.206	9.402	9.701	10.297	10.943	11.314	11.575	11.977	12.248	12.785	13.783
80.4	-0.3833	10.3178	0.08927	7.938	8.449	8.768	8.944	9.225	9.421	9.722	10.318	10.966	11.337	11.598	12.001	12.273	12.811	13.811
80.5	-0.3833	10.3393	0.08926	7.955	8.467	8.787	8.963	9.244	9.441	9.742	10.339	10.989	11.361	11.622	12.026	12.298	12.837	13.839
80.6	-0.3833	10.3608	0.08925	7.971	8.485	8.805	8.982	9.264	9.461	9.762	10.361	11.011	11.384	11.646	12.051	12.324	12.863	13.867
80.7	-0.3833	10.3824	0.08924	7.988	8.502	8.824	9.001	9.283	9.48	9.783	10.382	11.034	11.408	11.67	12.076	12.349	12.89	13.896
80.8	-0.3833	10.4041	0.08923	8.005	8.52	8.842	9.02	9.302	9.5	9.803	10.404	11.057	11.431	11.695	12.101	12.375	12.916	13.924
80.9	-0.3833	10.4258	0.08922	8.022	8.538	8.861	9.039	9.322	9.52	9.824	10.426	11.08	11.455	11.719	12.126	12.4	12.943	13.953
81	-0.3833	10.4477	0.08921	8.039	8.556	8.88	9.058	9.342	9.54	9.844	10.448	11.103	11.479	11.743	12.151	12.426	12.97	13.982
81.1	-0.3833	10.4697	0.0892	8.056	8.575	8.899	9.077	9.361	9.56	9.865	10.47	11.127	11.503	11.768	12.176	12.452	12.997	14.011
81.2	-0.3833	10.4918	0.08919	8.073	8.593	8.918	9.096	9.381	9.581	9.886	10.492	11.15	11.527	11.793	12.202	12.478	13.024	14.04
81.3	-0.3833	10.514	0.08918	8.091	8.611	8.937	9.116	9.401	9.601	9.907	10.514	11.174	11.551	11.817	12.227	12.504	13.051	14.069
81.4	-0.3833	10.5363	0.08917	8.108	8.63	8.956	9.135	9.421	9.622	9.928	10.536	11.197	11.576	11.842	12.253	12.531	13.079	14.098
81.5	-0.3833	10.5586	0.08916	8.126	8.648	8.975	9.155	9.441	9.642	9.949	10.559	11.221	11.6	11.867	12.279	12.557	13.106	14.128
81.6	-0.3833	10.5811	0.08915	8.143	8.667	8.994	9.174	9.462	9.663	9.97	10.581	11.245	11.625	11.892	12.305	12.583	13.134	14.157
81.7	-0.3833	10.6037	0.08915	8.16	8.685	9.013	9.194	9.482	9.683	9.992	10.604	11.269	11.65	11.918	12.331	12.61	13.162	14.187
81.8	-0.3833	10.6263	0.08914	8.178	8.704	9.033	9.214	9.502	9.704	10.013	10.626	11.293	11.674	11.943	12.357	12.637	13.189	14.217
81.9	-0.3833	10.6491	0.08913	8.196	8.723	9.052	9.234	9.523	9.725	10.035	10.649	11.317	11.699	11.968	12.383	12.664	13.217	14.247
82	-0.3833	10.6719	0.08912	8.214	8.742	9.072	9.253	9.543	9.746	10.056	10.672	11.341	11.724	11.994	12.41	12.691	13.245	14.277
82.1	-0.3833	10.6948	0.08911	8.232	8.761	9.091	9.273	9.564	9.767	10.078	10.695	11.365	11.749	12.02	12.436	12.718	13.273	14.307
82.2	-0.3833	10.7178	0.0891	8.249	8.78	9.111	9.294	9.585	9.788	10.1	10.718	11.39	11.774	12.045	12.463	12.745	13.302	14.338
82.3	-0.3833	10.741	0.0891	8.267	8.799	9.131	9.314	9.605	9.809	10.121	10.741	11.414	11.8	12.071	12.49	12.772	13.33	14.369
82.4	-0.3833	10.7641	0.08909	8.285	8.818	9.151	9.334	9.626	9.83	10.143	10.764	11.439	11.825	12.097	12.516	12.799	13.359	14.399
82.5	-0.3833	10.7874	0.08908	8.303	8.837	9.171	9.354	9.647	9.852	10.165	10.787	11.463	11.851	12.123	12.543	12.827	13.387	14.43
82.6	-0.3833	10.8108	0.08907	8.322	8.857	9.191	9.375	9.668	9.873	10.187	10.811	11.488	11.876	12.149	12.57	12.854	13.416	14.461
82.7	-0.3833	10.8343	0.08907	8.34	8.876	9.211	9.395	9.689	9.895	10.21	10.834	11.513	11.902	12.176	12.598	12.882	13.445	14.492
82.8	-0.3833	10.8578	0.08906	8.358	8.895	9.231	9.416	9.71	9.916	10.232	10.858	11.538	11.928	12.202	12.625	12.91	13.474	14.523
82.9	-0.3833	10.8814	0.08905	8.377	8.915	9.251	9.436	9.731	9.938	10.254	10.881	11.563	11.953	12.228	12.652	12.938	13.503	14.554
83	-0.3833	10.9051	0.08905	8.395	8.934	9.271	9.457	9.753	9.96	10.276	10.905	11.588	11.98	12.255	12.679	12.966	13.532	14.586
83.1	-0.3833	10.9289	0.08904	8.413	8.954	9.292	9.477	9.774	9.981	10.299	10.929	11.614	12.006	12.281	12.707	12.994	13.561	14.617
83.2	-0.3833	10.9527	0.08903	8.432	8.974	9.312	9.498	9.795	10.003	10.321	10.953	11.639	12.032	12.308	12.734	13.022	13.591	14.648
83.3	-0.3833	10.9767	0.08903	8.45	8.993	9.332	9.519	9.817	10.025	10.344	10.977	11.664	12.058	12.335	12.762	13.051	13.62	14.68
83.4	-0.3833	11.0007	0.08902	8.469	9.013	9.353	9.54	9.838	10.047	10.367	11.001	11.69	12.084	12.362	12.79	13.079	13.65	14.712
83.5	-0.3833	11.0248	0.08902	8.488	9.033	9.373	9.561	9.86	10.069	10.389	11.025	11.715	12.111	12.389	12.818	13.108	13.68	14.744
83.6	-0.3833	11.0489	0.08901	8.506	9.053	9.394	9.582	9.882	10.091	10.412	11.049	11.741	12.137	12.416	12.846	13.136	13.709	14.776
83.7	-0.3833	11.0731	0.08901	8.525	9.073	9.415	9.603	9.903	10.113	10.435	11.073	11.767	12.164	12.443	12.874	13.165	13.739	14.808
83.8	-0.3833	11.0974	0.089	8.544	9.093	9.435	9.624	9.925	10.136	10.458	11.097	11.792	12.19	12.47	12.902	13.193	13.769	14.84
83.9	-0.3833	11.1218	0.089	8.563	9.113	9.456	9.645	9.947	10.158	10.481	11.122	11.818	12.217	12.498	12.93	13.222	13.799	14.873
84	-0.3833	11.1462	0.08899	8.582	9.133	9.477	9.667	9.969	10.18	10.504	11.146	11.844	12.244	12.525	12.958	13.251	13.829	14.905
84.1	-0.3833	11.1707	0.08899	8.601	9.153	9.498	9.688	9.991	10.203	10.527	11.171	11.87	12.27	12.552	12.987	13.28	13.86	14.938
84.2	-0.3833	11.1952	0.08899	8.62	9.173	9.519	9.709	10.013	10.225	10.55	11.195	11.896	12.297	12.58	13.015	13.309	13.89	14.971
84.3	-0.3833	11.2198	0.08898	8.639	9.193	9.54	9.731	10.035	10.248	10.573	11.22	11.922	12.324	12.607	13.044	13.338	13.92	15.003
84.4	-0.3833	11.2444	0.08898	8.658	9.214	9.561	9.752	10.057	10.27	10.597	11.244	11.948	12.351	12.635	13.072	13.368	13.951	15.036
84.5	-0.3833	11.2691	0.08897	8.677	9.234	9.582	9.774	10.079	10.293	10.62	11.269	11.974	12.378	12.663	13.101	13.397	13.981	15.068
84.6	-0.3833	11.2939	0.08897	8.696	9.254	9.603	9.795	10.101	10.315	10.643	11.294	12.001	12.406	12.69	13.13	13.426	14.012	15.101
84.7	-0.3833	11.3187	0.08897	8.715	9.275	9.624	9.817	10.123	10.338	10.667	11.319	12.027	12.433	12.718	13.158	13.456	14.043	15.135
84.8	-0.3833	11.3435	0.08897	8.734	9.295	9.645	9.838	10.146	10.361	10.69	11.344	12.054	12.46	12.746	13.187	13.485	14.073	15.168
84.9	-0.3833	11.3684	0.08896	8.754	9.316	9.667	9.86	10.168	10.384	10.714	11.368	12.08	12.487	12.774	13.216	13.514	14.104	15.201
85	-0.3833	11.3934	0.08896	8.773	9.336	9.688	9.881	10.19	10.406	10.737	11.393	12.106	12.515	12.802	13.245	13.544	14.135	15.234
85.1	-0.3833	11.4183	0.08896	8.792	9.356	9.709	9.903	10.213	10.429	10.761	11.418	12.133	12.542	12.83	13.274	13.574	14.166	15.267
85.2	-0.3833	11.4434	0.08896	8.811	9.377	9.73	9.925	10.235	10.452	10.784	11.443	12.16	12.57	12.858	13.303	13.604	14.197	15.301
85.3	-0.3833	11.4684	0.08895	8.831	9.398	9.752	9.947	10.258	10.475	10.808	11.468	12.186	12.597	12.886	13.332	13.633	14.228	15.334
85.4	-0.3833	11.4935	0.08895	8.85	9.418	9.773	9.968	10.28	10.498	10.832	11.494	12.213	12.625	12.914	13.361	13.663	14.259	15.367
85.5	-0.3833	11.5186	0.08895	8.87	9.439	9.794	9.99	10.303	10.521	10.855	11.519	12.239	12.652	12.943	13.39	13.693	14.29	15.401
85.6	-0.3833	11.5437	0.08895	8.889	9.459	9.816	10.012	10.325	10.544	10.879	11.544	12.266	12.68	12.971	13.42	13.723	14.321	15.434
85.7	-0.3833	11.5689	0.08895	8.908	9.48	9.837	10.034	10.348	10.567	10.903	11.569	12.293	12.707	12.999	13.449	13.753	14.352	15.468
85.8	-0.3833	11.594	0.08895	8.928	9.501	9.859	10.056	10.37	10.59	10.926	11.594	12.32	12.735	13.027	13.478	13.782	14.384	15.502
85.9	-0.3833	11.6192	0.08895	8.947	9.521	9.88	10.077	10.393	10.613	10.95	11.619	12.346	12.763	13.056	13.507	13.812	14.415	15.535
86	-0.3833	11.6444	0.08895	8.966	9.542	9.901	10.099	10.415	10.636	10.974	11.644	12.373	12.79	13.084	13.537	13.842	14.446	15.569
86.1	-0.3833	11.6696	0.08895	8.986	9.563	9.923	10.121	10.438	10.659	10.998	11.67	12.4	12.818	13.112	13.566	13.872	14.477	15.603
86.2	-0.3833	11.6948	0.08895	9.005	9.583	9.944	10.143	10.46	10.682	11.021	11.695	12.427	12.846	13.141	13.595	13.902	14.509	15.636
86.3	-0.3833	11.7201	0.08895	9.025	9.604	9.966	10.165	10.483	10.705	11.045	11.72	12.454	12.873	13.169	13.625	13.932	14.54	15.67
86.4	-0.3833	11.7453	0.08895	9.044	9.625	9.987	10.187	10.505	10.728	11.069	11.745	12.48	12.901	13.197	13.654	13.962	14.571	15.704
86.5	-0.3833	11.7705	0.08895	9.064	9.645	10.009	10.209	10.528	10.751	11.093	11.771	12.507	12.929	13.226	13.683	13.992	14.603	15.738
86.6	-0.3833	11.7957	0.08895	9.083	9.666	10.03	10.231	10.55	10.774	11.116	11.796	12.534	12.956	13.254	13.712	14.022	14.634	15.771
86.7	-0.3833	11.8209	0.08895	9.102	9.687	10.051	10.252	10.573	10.797	11.14	11.821	12.561	12.984	13.282	13.742	14.052	14.665	15.805
86.8	-0.3833	11.8461	0.08895	9.122	9.707	10.073	10.274	10.595	10.82	11.164	11.846	12.587	13.012	13.311	13.771	14.082	14.696	15.839
86.9	-0.3833	11.8713	0.08896	9.141	9.728	10.094	10.296	10.618	10.843	11.188	11.871	12.614	13.04	13.339	13.801	14.112	14.728	15.873
87	-0.3833	11.8965	0.08896	9.16	9.748	10.116	10.318	10.64	10.866	11.211	11.897	12.641	13.067	13.367	13.83	14.142	14.759	15.907
87.1	-0.3833	11.9217	0.08896	9.18	9.769	10.137	10.34	10.663	10.889	11.235	11.922	12.668	13.095	13.396	13.859	14.172	14.79	15.94
87.2	-0.3833	11.9468	0.08896	9.199	9.789	10.158	10.361	10.685	10.912	11.259	11.947	12.694	13.123	13.424	13.888	14.202	14.822	15.974
87.3	-0.3833	11.972	0.08896	9.218	9.81	10.18	10.383	10.708	10.935	11.282	11.972	12.721	13.15	13.452	13.918	14.232	14.853	16.008
87.4	-0.3833	11.9971	0.08897	9.237	9.831	10.201	10.405	10.73	10.958	11.306	11.997	12.748	13.178	13.481	13.947	14.262	14.884	16.042
87.5	-0.3833	12.0223	0.08897	9.257	9.851	10.222	10.427	10.753	10.981	11.33	12.022	12.775	13.206	13.509	13.976	14.292	14.916	16.075
87.6	-0.3833	12.0474	0.08897	9.276	9.872	10.244	10.449	10.775	11.004	11.353	12.047	12.801	13.233	13.537	14.006	14.322	14.947	16.109
87.7	-0.3833	12.0725	0.08898	9.295	9.892	10.265	10.47	10.798	11.026	11.377	12.073	12.828	13.261	13.565	14.035	14.352	14.978	16.143
87.8	-0.3833	12.0976	0.08898	9.315	9.913	10.286	10.492	10.82	11.049	11.401	12.098	12.855	13.288	13.594	14.064	14.382	15.009	16.177
87.9	-0.3833	12.1227	0.08898	9.334	9.933	10.308	10.514	10.842	11.072	11.424	12.123	12.882	13.316	13.622	14.093	14.412	15.041	16.21
88	-0.3833	12.1478	0.08899	9.353	9.954	10.329	10.535	10.865	11.095	11.448	12.148	12.908	13.344	13.65	14.123	14.442	15.072	16.244
88.1	-0.3833	12.1728	0.08899	9.372	9.974	10.35	10.557	10.887	11.118	11.471	12.173	12.935	13.371	13.678	14.152	14.472	15.103	16.278
88.2	-0.3833	12.1978	0.089	9.391	9.994	10.371	10.578	10.909	11.141	11.495	12.198	12.962	13.399	13.707	14.181	14.502	15.135	16.312
88.3	-0.3833	12.2229	0.089	9.411	10.015	10.392	10.6	10.932	11.164	11.519	12.223	12.988	13.426	13.735	14.21	14.531	15.166	16.345
88.4	-0.3833	12.2479	0.08901	9.43	10.035	10.413	10.622	10.954	11.186	11.542	12.248	13.015	13.454	13.763	14.24	14.561	15.197	16.379
88.5	-0.3833	12.2729	0.08901	9.449	10.056	10.435	10.643	10.976	11.209	11.566	12.273	13.041	13.481	13.791	14.269	14.591	15.228	16.413
88.6	-0.3833	12.2978	0.08902	9.468	10.076	10.456	10.665	10.999	11.232	11.589	12.298	13.068	13.509	13.819	14.298	14.621	15.259	16.447
88.7	-0.3833	12.3228	0.08902	9.487	10.096	10.477	10.687	11.021	11.255	11.613	12.323	13.095	13.536	13.847	14.327	14.651	15.29	16.48
88.8	-0.3833	12.3477	0.08903	9.506	10.116	10.498	10.708	11.043	11.277	11.636	12.348	13.121	13.564	13.876	14.356	14.681	15.322	16.514
88.9	-0.3833	12.3727	0.08903	9.525	10.137	10.519	10.73	11.065	11.3	11.66	12.373	13.148	13.591	13.904	14.385	14.71	15.353	16.547
89	-0.3833	12.3976	0.08904	9.544	10.157	10.54	10.751	11.088	11.323	11.683	12.398	13.174	13.619	13.932	14.414	14.74	15.384	16.581
89.1	-0.3833	12.4225	0.08904	9.563	10.178	10.561	10.773	11.11	11.345	11.706	12.423	13.201	13.646	13.96	14.443	14.77	15.415	16.615
89.2	-0.3833	12.4474	0.08905	9.582	10.198	10.582	10.794	11.132	11.368	11.73	12.447	13.227	13.674	13.988	14.473	14.8	15.446	16.648
89.3	-0.3833	12.4723	0.08906	9.601	10.218	10.603	10.816	11.154	11.391	11.753	12.472	13.254	13.701	14.016	14.502	14.83	15.477	16.682
89.4	-0.3833	12.4971	0.08906	9.62	10.238	10.624	10.837	11.176	11.413	11.777	12.497	13.28	13.728	14.044	14.531	14.859	15.508	16.716
89.5	-0.3833	12.522	0.08907	9.639	10.258	10.645	10.858	11.198	11.436	11.8	12.522	13.307	13.756	14.072	14.56	14.889	15.54	16.749
89.6	-0.3833	12.5468	0.08908	9.658	10.278	10.666	10.88	11.22	11.459	11.823	12.547	13.333	13.783	14.1	14.589	14.919	15.571	16.783
89.7	-0.3833	12.5717	0.08909	9.677	10.299	10.687	10.901	11.243	11.481	11.847	12.572	13.36	13.811	14.129	14.618	14.949	15.602	16.817
89.8	-0.3833	12.5965	0.08909	9.696	10.319	10.708	10.923	11.265	11.504	11.87	12.597	13.386	13.838	14.156	14.647	14.978	15.633	16.85
89.9	-0.3833	12.6213	0.0891	9.715	10.339	10.729	10.944	11.287	11.526	11.893	12.621	13.412	13.866	14.184	14.676	15.008	15.664	16.884
90	-0.3833	12.6461	0.08911	9.733	10.359	10.75	10.965	11.309	11.549	11.917	12.646	13.439	13.893	14.213	14.705	15.038	15.695	16.918
90.1	-0.3833	12.6709	0.08912	9.752	10.379	10.771	10.987	11.331	11.571	11.94	12.671	13.465	13.92	14.241	14.734	15.068	15.726	16.952
90.2	-0.3833	12.6957	0.08912	9.771	10.4	10.792	11.008	11.353	11.594	11.963	12.696	13.492	13.948	14.268	14.763	15.097	15.757	16.985
90.3	-0.3833	12.7205	0.08913	9.79	10.42	10.813	11.03	11.375	11.617	11.986	12.721	13.518	13.975	14.297	14.792	15.127	15.788	17.018
90.4	-0.3833	12.7453	0.08914	9.809	10.44	10.834	11.051	11.397	11.639	12.01	12.745	13.545	14.002	14.325	14.821	15.157	15.819	17.052
90.5	-0.3833	12.77	0.08915	9.828	10.46	10.855	11.072	11.419	11.662	12.033	12.77	13.571	14.03	14.353	14.85	15.186	15.85	17.086
90.6	-0.3833	12.7948	0.08916	9.846	10.48	10.876	11.093	11.441	11.684	12.056	12.795	13.597	14.057	14.381	14.879	15.216	15.882	17.12
90.7	-0.3833	12.8196	0.08917	9.865	10.5	10.896	11.115	11.463	11.707	12.08	12.82	13.624	14.084	14.409	14.908	15.246	15.913	17.153
90.8	-0.3833	12.8443	0.08918	9.884	10.52	10.917	11.136	11.485	11.729	12.103	12.844	13.65	14.112	14.437	14.937	15.276	15.944	17.187
90.9	-0.3833	12.8691	0.08919	9.903	10.54	10.938	11.157	11.507	11.752	12.126	12.869	13.677	14.139	14.465	14.967	15.306	15.975	17.221
91	-0.3833	12.8939	0.0892	9.922	10.56	10.959	11.179	11.529	11.774	12.149	12.894	13.703	14.167	14.493	14.996	15.335	16.006	17.255
91.1	-0.3833	12.9186	0.08921	9.94	10.58	10.98	11.2	11.551	11.797	12.173	12.919	13.729	14.194	14.521	15.025	15.365	16.037	17.288
91.2	-0.3833	12.9434	0.08922	9.959	10.6	11.001	11.221	11.573	11.819	12.196	12.943	13.756	14.221	14.549	15.054	15.395	16.069	17.322
91.3	-0.3833	12.9681	0.08923	9.978	10.62	11.021	11.243	11.595	11.842	12.219	12.968	13.782	14.249	14.577	15.083	15.424	16.1	17.356
91.4	-0.3833	12.9929	0.08924	9.997	10.64	11.042	11.264	11.617	11.864	12.242	12.993	13.809	14.276	14.605	15.112	15.454	16.131	17.389
91.5	-0.3833	13.0177	0.08925	10.015	10.66	11.063	11.285	11.639	11.887	12.266	13.018	13.835	14.303	14.633	15.141	15.484	16.162	17.423
91.6	-0.3833	13.0424	0.08926	10.034	10.68	11.084	11.306	11.661	11.909	12.289	13.042	13.862	14.331	14.661	15.17	15.514	16.193	17.457
91.7	-0.3833	13.0672	0.08927	10.053	10.7	11.105	11.328	11.683	11.932	12.312	13.067	13.888	14.358	14.689	15.199	15.544	16.224	17.491
91.8	-0.3833	13.092	0.08928	10.072	10.721	11.126	11.349	11.705	11.954	12.335	13.092	13.914	14.385	14.717	15.228	15.573	16.256	17.525
91.9	-0.3833	13.1167	0.0893	10.09	10.74	11.146	11.37	11.727	11.976	12.358	13.117	13.941	14.413	14.745	15.257	15.603	16.287	17.559
92	-0.3833	13.1415	0.08931	10.109	10.76	11.167	11.391	11.749	11.999	12.382	13.142	13.967	14.44	14.773	15.287	15.633	16.318	17.593
92.1	-0.3833	13.1663	0.08932	10.128	10.78	11.188	11.413	11.771	12.021	12.405	13.166	13.994	14.468	14.801	15.316	15.663	16.349	17.626
92.2	-0.3833	13.1911	0.08933	10.147	10.8	11.209	11.434	11.793	12.044	12.428	13.191	14.02	14.495	14.829	15.345	15.693	16.381	17.66
92.3	-0.3833	13.2158	0.08934	10.165	10.82	11.23	11.455	11.815	12.066	12.451	13.216	14.047	14.522	14.857	15.374	15.723	16.412	17.694
92.4	-0.3833	13.2406	0.08936	10.184	10.84	11.25	11.476	11.837	12.089	12.475	13.241	14.073	14.55	14.886	15.403	15.753	16.443	17.728
92.5	-0.3833	13.2654	0.08937	10.203	10.86	11.271	11.498	11.859	12.111	12.498	13.265	14.1	14.577	14.914	15.432	15.783	16.475	17.762
92.6	-0.3833	13.2902	0.08938	10.221	10.88	11.292	11.519	11.881	12.134	12.521	13.29	14.126	14.605	14.942	15.461	15.812	16.506	17.796
92.7	-0.3833	13.3151	0.0894	10.24	10.9	11.313	11.54	11.903	12.156	12.545	13.315	14.153	14.632	14.97	15.491	15.843	16.538	17.831
92.8	-0.3833	13.3399	0.08941	10.259	10.92	11.334	11.562	11.925	12.179	12.568	13.34	14.179	14.66	14.998	15.52	15.872	16.569	17.864
92.9	-0.3833	13.3647	0.08942	10.278	10.941	11.355	11.583	11.947	12.201	12.591	13.365	14.206	14.687	15.026	15.549	15.902	16.6	17.898
93	-0.3833	13.3896	0.08944	10.296	10.96	11.375	11.604	11.969	12.224	12.614	13.39	14.232	14.715	15.055	15.579	15.933	16.632	17.933
93.1	-0.3833	13.4145	0.08945	10.315	10.981	11.396	11.626	11.991	12.246	12.638	13.415	14.259	14.742	15.083	15.608	15.963	16.663	17.967
93.2	-0.3833	13.4394	0.08947	10.334	11	11.417	11.647	12.013	12.269	12.661	13.439	14.286	14.77	15.111	15.637	15.993	16.695	18.001
93.3	-0.3833	13.4643	0.08948	10.352	11.021	11.438	11.668	12.035	12.292	12.684	13.464	14.312	14.798	15.14	15.667	16.023	16.726	18.035
93.4	-0.3833	13.4892	0.08949	10.371	11.041	11.459	11.69	12.057	12.314	12.708	13.489	14.339	14.825	15.168	15.696	16.053	16.758	18.069
93.5	-0.3833	13.5142	0.08951	10.39	11.061	11.48	11.711	12.079	12.337	12.731	13.514	14.365	14.853	15.196	15.726	16.083	16.789	18.104
93.6	-0.3833	13.5391	0.08952	10.409	11.081	11.501	11.732	12.101	12.359	12.755	13.539	14.392	14.881	15.224	15.755	16.113	16.821	18.138
93.7	-0.3833	13.5641	0.08954	10.427	11.101	11.522	11.754	12.123	12.382	12.778	13.564	14.419	14.908	15.253	15.784	16.143	16.853	18.173
93.8	-0.3833	13.5892	0.08955	10.446	11.121	11.543	11.775	12.146	12.405	12.802	13.589	14.446	14.936	15.281	15.814	16.174	16.884	18.207
93.9	-0.3833	13.6142	0.08957	10.465	11.141	11.564	11.796	12.168	12.427	12.825	13.614	14.472	14.964	15.31	15.844	16.204	16.916	18.242
94	-0.3833	13.6393	0.08959	10.484	11.161	11.585	11.818	12.19	12.45	12.848	13.639	14.499	14.992	15.339	15.873	16.235	16.948	18.277
94.1	-0.3833	13.6644	0.0896	10.503	11.182	11.606	11.839	12.212	12.473	12.872	13.664	14.526	15.02	15.367	15.903	16.265	16.98	18.311
94.2	-0.3833	13.6895	0.08962	10.521	11.202	11.627	11.861	12.234	12.495	12.895	13.69	14.553	15.047	15.396	15.933	16.295	17.012	18.346
94.3	-0.3833	13.7146	0.08963	10.54	11.222	11.648	11.882	12.256	12.518	12.919	13.715	14.58	15.075	15.424	15.962	16.326	17.044	18.38
94.4	-0.3833	13.7398	0.08965	10.559	11.242	11.669	11.904	12.279	12.541	12.943	13.74	14.607	15.103	15.453	15.992	16.356	17.076	18.415
94.5	-0.3833	13.765	0.08967	10.578	11.262	11.69	11.925	12.301	12.564	12.966	13.765	14.634	15.131	15.482	16.022	16.387	17.108	18.45
94.6	-0.3833	13.7902	0.08968	10.597	11.283	11.711	11.947	12.323	12.587	12.99	13.79	14.661	15.159	15.51	16.052	16.417	17.14	18.485
94.7	-0.3833	13.8155	0.0897	10.616	11.303	11.732	11.968	12.346	12.609	13.013	13.816	14.688	15.187	15.539	16.082	16.448	17.172	18.52
94.8	-0.3833	13.8408	0.08972	10.635	11.323	11.753	11.99	12.368	12.632	13.037	13.841	14.715	15.215	15.568	16.112	16.479	17.204	18.555
94.9	-0.3833	13.8661	0.08974	10.654	11.343	11.774	12.011	12.39	12.655	13.061	13.866	14.742	15.244	15.597	16.142	16.51	17.237	18.59
95	-0.3833	13.8914	0.08975	10.673	11.364	11.795	12.033	12.413	12.678	13.084	13.891	14.769	15.272	15.625	16.171	16.54	17.269	18.625
95.1	-0.3833	13.9168	0.08977	10.692	11.384	11.816	12.055	12.435	12.701	13.108	13.917	14.796	15.3	15.654	16.201	16.571	17.301	18.66
95.2	-0.3833	13.9422	0.08979	10.711	11.404	11.838	12.076	12.457	12.724	13.132	13.942	14.823	15.328	15.683	16.232	16.602	17.333	18.696
95.3	-0.3833	13.9676	0.08981	10.73	11.424	11.859	12.098	12.48	12.747	13.156	13.968	14.85	15.356	15.712	16.262	16.633	17.366	18.731
95.4	-0.3833	13.9931	0.08983	10.749	11.445	11.88	12.12	12.502	12.77	13.18	13.993	14.878	15.385	15.742	16.292	16.664	17.399	18.766
95.5	-0.3833	14.0186	0.08984	10.768	11.465	11.901	12.142	12.525	12.793	13.203	14.019	14.905	15.413	15.77	16.322	16.694	17.431	18.801
95.6	-0.3833	14.0441	0.08986	10.787	11.486	11.923	12.163	12.547	12.816	13.227	14.044	14.932	15.441	15.8	16.352	16.725	17.463	18.837
95.7	-0.3833	14.0697	0.08988	10.806	11.506	11.944	12.185	12.57	12.839	13.251	14.07	14.96	15.47	15.829	16.383	16.757	17.496	18.872
95.8	-0.3833	14.0953	0.0899	10.825	11.527	11.965	12.207	12.592	12.862	13.275	14.095	14.987	15.498	15.858	16.413	16.788	17.529	18.908
95.9	-0.3833	14.1209	0.08992	10.844	11.547	11.987	12.229	12.615	12.885	13.299	14.121	15.015	15.527	15.887	16.443	16.819	17.561	18.944
96	-0.3833	14.1466	0.08994	10.863	11.568	12.008	12.251	12.638	12.908	13.323	14.147	15.042	15.555	15.917	16.474	16.85	17.594	18.979
96.1	-0.3833	14.1724	0.08996	10.882	11.588	12.029	12.273	12.66	12.932	13.347	14.172	15.07	15.584	15.946	16.504	16.882	17.627	19.015
96.2	-0.3833	14.1981	0.08998	10.901	11.609	12.051	12.294	12.683	12.955	13.371	14.198	15.097	15.613	15.975	16.535	16.913	17.66	19.051
96.3	-0.3833	14.2239	0.09	10.921	11.629	12.072	12.316	12.706	12.978	13.395	14.224	15.125	15.641	16.005	16.566	16.944	17.693	19.087
96.4	-0.3833	14.2498	0.09002	10.94	11.65	12.094	12.338	12.729	13.002	13.42	14.25	15.153	15.67	16.034	16.596	16.976	17.726	19.123
96.5	-0.3833	14.2757	0.09004	10.959	11.671	12.115	12.361	12.751	13.025	13.444	14.276	15.18	15.699	16.064	16.627	17.007	17.759	19.159
96.6	-0.3833	14.3016	0.09006	10.978	11.691	12.137	12.383	12.774	13.048	13.468	14.302	15.208	15.728	16.094	16.658	17.039	17.792	19.195
96.7	-0.3833	14.3276	0.09008	10.998	11.712	12.159	12.405	12.797	13.072	13.492	14.328	15.236	15.757	16.123	16.689	17.071	17.826	19.232
96.8	-0.3833	14.3537	0.0901	11.017	11.733	12.18	12.427	12.82	13.095	13.517	14.354	15.264	15.786	16.153	16.72	17.102	17.859	19.268
96.9	-0.3833	14.3798	0.09012	11.037	11.754	12.202	12.449	12.843	13.119	13.541	14.38	15.292	15.815	16.183	16.751	17.134	17.892	19.304
97	-0.3833	14.4059	0.09015	11.056	11.774	12.224	12.471	12.866	13.142	13.566	14.406	15.32	15.844	16.213	16.782	17.166	17.926	19.341
97.1	-0.3833	14.4321	0.09017	11.075	11.795	12.245	12.493	12.889	13.166	13.59	14.432	15.348	15.873	16.243	16.813	17.198	17.96	19.378
97.2	-0.3833	14.4584	0.09019	11.095	11.816	12.267	12.516	12.912	13.19	13.615	14.458	15.376	15.902	16.273	16.844	17.23	17.993	19.415
97.3	-0.3833	14.4848	0.09021	11.114	11.837	12.289	12.538	12.936	13.214	13.639	14.485	15.405	15.932	16.303	16.876	17.262	18.027	19.451
97.4	-0.3833	14.5112	0.09023	11.134	11.858	12.311	12.561	12.959	13.237	13.664	14.511	15.433	15.961	16.333	16.907	17.295	18.061	19.488
97.5	-0.3833	14.5376	0.09026	11.153	11.879	12.333	12.583	12.982	13.261	13.689	14.538	15.461	15.991	16.364	16.939	17.327	18.095	19.526
97.6	-0.3833	14.5642	0.09028	11.173	11.9	12.355	12.606	13.005	13.285	13.713	14.564	15.49	16.02	16.394	16.97	17.36	18.129	19.563
97.7	-0.3833	14.5908	0.0903	11.193	11.922	12.377	12.628	13.029	13.309	13.738	14.591	15.518	16.05	16.424	17.002	17.392	18.163	19.6
97.8	-0.3833	14.6174	0.09033	11.212	11.943	12.399	12.651	13.052	13.333	13.763	14.617	15.547	16.08	16.455	17.034	17.425	18.198	19.638
97.9	-0.3833	14.6442	0.09035	11.232	11.964	12.421	12.673	13.076	13.357	13.788	14.644	15.576	16.109	16.485	17.065	17.457	18.232	19.675
98	-0.3833	14.671	0.09037	11.252	11.985	12.444	12.696	13.099	13.381	13.813	14.671	15.604	16.139	16.516	17.097	17.49	18.266	19.712
98.1	-0.3833	14.6979	0.0904	11.272	12.007	12.466	12.719	13.123	13.405	13.838	14.698	15.633	16.169	16.547	17.13	17.523	18.301	19.751
98.2	-0.3833	14.7248	0.09042	11.292	12.028	12.488	12.742	13.146	13.43	13.863	14.725	15.662	16.199	16.578	17.161	17.556	18.336	19.788
98.3	-0.3833	14.7519	0.09044	11.312	12.05	12.511	12.765	13.17	13.454	13.889	14.752	15.691	16.23	16.609	17.194	17.589	18.37	19.826
98.4	-0.3833	14.779	0.09047	11.332	12.071	12.533	12.788	13.194	13.478	13.914	14.779	15.72	16.26	16.64	17.226	17.622	18.405	19.864
98.5	-0.3833	14.8062	0.09049	11.352	12.093	12.556	12.811	13.218	13.503	13.939	14.806	15.749	16.29	16.671	17.258	17.655	18.44	19.902
98.6	-0.3833	14.8334	0.09052	11.372	12.114	12.578	12.834	13.242	13.527	13.965	14.833	15.779	16.321	16.702	17.291	17.689	18.476	19.941
98.7	-0.3833	14.8608	0.09054	11.392	12.136	12.601	12.857	13.266	13.552	13.99	14.861	15.808	16.351	16.734	17.324	17.722	18.511	19.979
98.8	-0.3833	14.8882	0.09057	11.412	12.158	12.623	12.88	13.29	13.577	14.016	14.888	15.838	16.382	16.765	17.356	17.756	18.546	20.018
98.9	-0.3833	14.9157	0.09059	11.433	12.179	12.646	12.904	13.314	13.601	14.041	14.916	15.867	16.412	16.797	17.389	17.79	18.581	20.056
99	-0.3833	14.9434	0.09062	11.453	12.201	12.669	12.927	13.338	13.626	14.067	14.943	15.897	16.443	16.828	17.422	17.824	18.617	20.096
99.1	-0.3833	14.9711	0.09064	11.474	12.223	12.692	12.951	13.363	13.651	14.093	14.971	15.927	16.474	16.86	17.455	17.857	18.653	20.134
99.2	-0.3833	14.9989	0.09067	11.494	12.245	12.715	12.974	13.387	13.676	14.119	14.999	15.956	16.505	16.892	17.489	17.892	18.689	20.174
99.3	-0.3833	15.0267	0.09069	11.515	12.267	12.738	12.998	13.412	13.701	14.145	15.027	15.986	16.536	16.924	17.522	17.926	18.724	20.213
99.4	-0.3833	15.0547	0.09072	11.535	12.29	12.761	13.021	13.436	13.726	14.171	15.055	16.016	16.568	16.956	17.555	17.96	18.761	20.252
99.5	-0.3833	15.0828	0.09075	11.556	12.312	12.784	13.045	13.461	13.752	14.197	15.083	16.047	16.599	16.988	17.589	17.995	18.797	20.292
99.6	-0.3833	15.1109	0.09077	11.577	12.334	12.808	13.069	13.485	13.777	14.224	15.111	16.077	16.63	17.02	17.622	18.029	18.833	20.332
99.7	-0.3833	15.1392	0.0908	11.597	12.356	12.831	13.093	13.51	13.802	14.25	15.139	16.107	16.662	17.053	17.656	18.064	18.87	20.372
99.8	-0.3833	15.1676	0.09083	11.618	12.379	12.854	13.117	13.535	13.828	14.276	15.168	16.138	16.694	17.086	17.69	18.099	18.907	20.412
99.9	-0.3833	15.196	0.09085	11.639	12.401	12.878	13.141	13.56	13.853	14.303	15.196	16.168	16.725	17.118	17.724	18.133	18.943	20.452
100	-0.3833	15.2246	0.09088	11.66	12.424	12.902	13.165	13.585	13.879	14.33	15.225	16.199	16.758	17.151	17.758	18.169	18.98	20.492
100.1	-0.3833	15.2532	0.09091	11.681	12.446	12.925	13.189	13.61	13.905	14.356	15.253	16.23	16.79	17.184	17.793	18.204	19.017	20.533
100.2	-0.3833	15.2819	0.09093	11.702	12.469	12.949	13.213	13.635	13.931	14.383	15.282	16.26	16.821	17.217	17.827	18.239	19.054	20.573
100.3	-0.3833	15.3108	0.09096	11.724	12.492	12.973	13.238	13.661	13.957	14.41	15.311	16.291	16.854	17.25	17.861	18.274	19.091	20.614
100.4	-0.3833	15.3397	0.09099	11.745	12.515	12.997	13.262	13.686	13.982	14.437	15.34	16.323	16.886	17.283	17.896	18.31	19.129	20.655
100.5	-0.3833	15.3687	0.09102	11.766	12.538	13.021	13.287	13.711	14.008	14.464	15.369	16.354	16.919	17.317	17.931	18.346	19.167	20.696
100.6	-0.3833	15.3979	0.09105	11.787	12.561	13.045	13.311	13.737	14.035	14.491	15.398	16.385	16.951	17.35	17.966	18.382	19.204	20.738
100.7	-0.3833	15.4271	0.09107	11.809	12.584	13.069	13.336	13.763	14.061	14.518	15.427	16.416	16.984	17.384	18	18.417	19.242	20.779
100.8	-0.3833	15.4564	0.0911	11.83	12.607	13.093	13.361	13.788	14.087	14.546	15.456	16.448	17.017	17.417	18.036	18.453	19.28	20.82
100.9	-0.3833	15.4858	0.09113	11.852	12.63	13.117	13.386	13.814	14.114	14.573	15.486	16.48	17.05	17.451	18.071	18.49	19.318	20.862
101	-0.3833	15.5154	0.09116	11.874	12.654	13.142	13.411	13.84	14.14	14.601	15.515	16.511	17.083	17.485	18.106	18.526	19.356	20.904
101.1	-0.3833	15.545	0.09119	11.895	12.677	13.166	13.435	13.866	14.167	14.628	15.545	16.543	17.116	17.519	18.142	18.563	19.395	20.946
101.2	-0.3833	15.5747	0.09122	11.917	12.7	13.19	13.461	13.892	14.193	14.656	15.575	16.575	17.149	17.553	18.177	18.599	19.433	20.988
101.3	-0.3833	15.6046	0.09125	11.939	12.724	13.215	13.486	13.918	14.22	14.684	15.605	16.607	17.183	17.588	18.213	18.636	19.472	21.031
101.4	-0.3833	15.6345	0.09128	11.961	12.747	13.24	13.511	13.944	14.247	14.711	15.635	16.64	17.216	17.622	18.249	18.673	19.511	21.073
101.5	-0.3833	15.6646	0.09131	11.983	12.771	13.264	13.536	13.97	14.274	14.74	15.665	16.672	17.25	17.657	18.285	18.71	19.55	21.116
101.6	-0.3833	15.6947	0.09133	12.005	12.795	13.289	13.562	13.997	14.301	14.768	15.695	16.704	17.283	17.691	18.321	18.747	19.588	21.158
101.7	-0.3833	15.725	0.09136	12.027	12.819	13.314	13.587	14.023	14.328	14.796	15.725	16.737	17.317	17.726	18.357	18.784	19.628	21.201
101.8	-0.3833	15.7553	0.09139	12.05	12.843	13.339	13.613	14.05	14.356	14.824	15.755	16.769	17.351	17.761	18.394	18.821	19.667	21.244
101.9	-0.3833	15.7858	0.09142	12.072	12.867	13.364	13.639	14.076	14.383	14.852	15.786	16.802	17.385	17.796	18.43	18.859	19.707	21.287
102	-0.3833	15.8164	0.09146	12.094	12.891	13.389	13.664	14.103	14.41	14.881	15.816	16.835	17.42	17.832	18.467	18.897	19.747	21.332
102.1	-0.3833	15.847	0.09149	12.116	12.915	13.415	13.69	14.13	14.438	14.909	15.847	16.868	17.454	17.867	18.504	18.935	19.787	21.375
102.2	-0.3833	15.8778	0.09152	12.139	12.939	13.44	13.716	14.157	14.465	14.938	15.878	16.901	17.489	17.902	18.541	18.973	19.827	21.419
102.3	-0.3833	15.9087	0.09155	12.161	12.963	13.465	13.742	14.184	14.493	14.967	15.909	16.935	17.523	17.938	18.578	19.011	19.867	21.463
102.4	-0.3833	15.9396	0.09158	12.184	12.988	13.491	13.768	14.211	14.521	14.996	15.94	16.968	17.558	17.973	18.615	19.049	19.907	21.507
102.5	-0.3833	15.9707	0.09161	12.207	13.012	13.516	13.794	14.238	14.549	15.025	15.971	17.001	17.593	18.009	18.652	19.087	19.947	21.551
102.6	-0.3833	16.0019	0.09164	12.23	13.037	13.542	13.821	14.265	14.577	15.054	16.002	17.035	17.627	18.045	18.69	19.125	19.988	21.595
102.7	-0.3833	16.0332	0.09167	12.252	13.062	13.568	13.847	14.293	14.605	15.083	16.033	17.069	17.663	18.081	18.727	19.164	20.028	21.64
102.8	-0.3833	16.0645	0.0917	12.275	13.086	13.594	13.873	14.32	14.633	15.112	16.064	17.102	17.698	18.117	18.765	19.203	20.069	21.684
102.9	-0.3833	16.096	0.09173	12.298	13.111	13.62	13.9	14.348	14.661	15.141	16.096	17.136	17.733	18.153	18.803	19.241	20.11	21.729
103	-0.3833	16.1276	0.09177	12.321	13.136	13.645	13.926	14.375	14.689	15.171	16.128	17.17	17.768	18.19	18.841	19.281	20.151	21.775
103.1	-0.3833	16.1593	0.0918	12.344	13.161	13.671	13.953	14.403	14.718	15.2	16.159	17.204	17.804	18.227	18.879	19.32	20.192	21.82
103.2	-0.3833	16.191	0.09183	12.368	13.186	13.698	13.98	14.431	14.746	15.23	16.191	17.238	17.839	18.263	18.917	19.359	20.233	21.865
103.3	-0.3833	16.2229	0.09186	12.391	13.211	13.724	14.007	14.458	14.775	15.259	16.223	17.273	17.875	18.3	18.955	19.398	20.275	21.91
103.4	-0.3833	16.2549	0.0919	12.414	13.236	13.75	14.034	14.486	14.803	15.289	16.255	17.307	17.911	18.337	18.994	19.438	20.317	21.957
103.5	-0.3833	16.287	0.09193	12.437	13.261	13.776	14.061	14.514	14.832	15.319	16.287	17.342	17.947	18.374	19.032	19.478	20.359	22.002
103.6	-0.3833	16.3191	0.09196	12.461	13.286	13.803	14.088	14.542	14.861	15.349	16.319	17.376	17.983	18.411	19.071	19.517	20.4	22.048
103.7	-0.3833	16.3514	0.09199	12.485	13.312	13.829	14.115	14.571	14.89	15.379	16.351	17.411	18.019	18.448	19.11	19.557	20.442	22.094
103.8	-0.3833	16.3837	0.09203	12.508	13.337	13.856	14.142	14.599	14.919	15.409	16.384	17.446	18.056	18.485	19.149	19.597	20.485	22.141
103.9	-0.3833	16.4162	0.09206	12.532	13.362	13.882	14.169	14.627	14.948	15.439	16.416	17.481	18.092	18.523	19.188	19.637	20.527	22.187
104	-0.3833	16.4488	0.09209	12.555	13.388	13.909	14.197	14.656	14.977	15.469	16.449	17.516	18.129	18.56	19.227	19.677	20.569	22.233
104.1	-0.3833	16.4814	0.09213	12.579	13.413	13.936	14.224	14.684	15.006	15.5	16.481	17.551	18.165	18.598	19.266	19.718	20.612	22.28
104.2	-0.3833	16.5142	0.09216	12.603	13.439	13.963	14.252	14.713	15.035	15.53	16.514	17.587	18.202	18.636	19.306	19.758	20.655	22.327
104.3	-0.3833	16.547	0.09219	12.627	13.465	13.99	14.279	14.741	15.065	15.561	16.547	17.622	18.239	18.674	19.345	19.799	20.697	22.374
104.4	-0.3833	16.58	0.09223	12.651	13.491	14.017	14.307	14.77	15.094	15.591	16.58	17.657	18.276	18.712	19.385	19.84	20.741	22.421
104.5	-0.3833	16.6131	0.09226	12.675	13.517	14.044	14.335	14.799	15.124	15.622	16.613	17.693	18.313	18.75	19.425	19.881	20.784	22.468
104.6	-0.3833	16.6462	0.09229	12.699	13.543	14.071	14.363	14.828	15.154	15.653	16.646	17.729	18.35	18.788	19.464	19.922	20.827	22.516
104.7	-0.3833	16.6795	0.09233	12.723	13.569	14.098	14.39	14.857	15.183	15.684	16.68	17.765	18.388	18.827	19.505	19.963	20.87	22.564
104.8	-0.3833	16.7129	0.09236	12.747	13.595	14.126	14.419	14.886	15.213	15.715	16.713	17.801	18.425	18.865	19.545	20.004	20.914	22.611
104.9	-0.3833	16.7464	0.0924	12.772	13.621	14.153	14.447	14.915	15.243	15.746	16.746	17.837	18.463	18.904	19.585	20.046	20.958	22.66
105	-0.3833	16.78	0.09243	12.796	13.648	14.181	14.475	14.945	15.273	15.777	16.78	17.873	18.5	18.943	19.626	20.087	21.001	22.708
105.1	-0.3833	16.8137	0.09247	12.82	13.674	14.208	14.503	14.974	15.303	15.809	16.814	17.909	18.538	18.982	19.666	20.129	21.046	22.756
105.2	-0.3833	16.8475	0.0925	12.845	13.7	14.236	14.532	15.003	15.334	15.84	16.848	17.946	18.576	19.021	19.707	20.171	21.09	22.804
105.3	-0.3833	16.8814	0.09254	12.869	13.727	14.264	14.56	15.033	15.364	15.872	16.881	17.982	18.614	19.06	19.748	20.213	21.134	22.853
105.4	-0.3833	16.9154	0.09257	12.894	13.754	14.292	14.589	15.063	15.394	15.903	16.915	18.019	18.652	19.099	19.789	20.255	21.178	22.902
105.5	-0.3833	16.9496	0.09261	12.919	13.78	14.32	14.617	15.092	15.425	15.935	16.95	18.056	18.691	19.139	19.83	20.298	21.223	22.951
105.6	-0.3833	16.9838	0.09264	12.944	13.807	14.348	14.646	15.122	15.456	15.967	16.984	18.093	18.729	19.178	19.871	20.34	21.268	23
105.7	-0.3833	17.0182	0.09268	12.969	13.834	14.376	14.675	15.152	15.486	15.999	17.018	18.13	18.768	19.218	19.913	20.383	21.313	23.05
105.8	-0.3833	17.0527	0.09271	12.994	13.861	14.404	14.704	15.182	15.517	16.031	17.053	18.167	18.807	19.258	19.954	20.425	21.358	23.099
105.9	-0.3833	17.0873	0.09275	13.019	13.888	14.432	14.733	15.212	15.548	16.063	17.087	18.204	18.846	19.298	19.996	20.468	21.403	23.149
106	-0.3833	17.122	0.09278	13.044	13.915	14.461	14.762	15.243	15.579	16.095	17.122	18.242	18.884	19.338	20.038	20.511	21.449	23.199
106.1	-0.3833	17.1569	0.09282	13.069	13.942	14.489	14.791	15.273	15.61	16.128	17.157	18.279	18.924	19.378	20.08	20.555	21.494	23.249
106.2	-0.3833	17.1918	0.09286	13.094	13.97	14.518	14.82	15.303	15.641	16.16	17.192	18.317	18.963	19.419	20.122	20.598	21.54	23.3
106.3	-0.3833	17.2269	0.09289	13.12	13.997	14.547	14.85	15.334	15.673	16.193	17.227	18.355	19.002	19.459	20.164	20.642	21.586	23.35
106.4	-0.3833	17.262	0.09293	13.145	14.025	14.575	14.879	15.364	15.704	16.225	17.262	18.393	19.042	19.5	20.207	20.685	21.632	23.4
106.5	-0.3833	17.2973	0.09296	13.171	14.052	14.604	14.909	15.395	15.736	16.258	17.297	18.431	19.082	19.54	20.249	20.729	21.678	23.451
106.6	-0.3833	17.3327	0.093	13.197	14.08	14.633	14.938	15.426	15.767	16.291	17.333	18.469	19.121	19.582	20.292	20.773	21.725	23.502
106.7	-0.3833	17.3683	0.09304	13.222	14.108	14.662	14.968	15.457	15.799	16.324	17.368	18.507	19.162	19.623	20.335	20.817	21.771	23.553
106.8	-0.3833	17.4039	0.09307	13.248	14.136	14.692	14.998	15.488	15.831	16.357	17.404	18.546	19.201	19.664	20.378	20.861	21.818	23.604
106.9	-0.3833	17.4397	0.09311	13.274	14.163	14.721	15.028	15.519	15.863	16.39	17.44	18.584	19.242	19.705	20.421	20.906	21.865	23.656
107	-0.3833	17.4755	0.09315	13.3	14.191	14.75	15.058	15.55	15.895	16.424	17.476	18.623	19.282	19.747	20.465	20.95	21.912	23.708
107.1	-0.3833	17.5115	0.09318	13.326	14.22	14.779	15.088	15.582	15.927	16.457	17.512	18.662	19.322	19.788	20.508	20.995	21.959	23.759
107.2	-0.3833	17.5476	0.09322	13.352	14.248	14.809	15.119	15.613	15.959	16.491	17.548	18.701	19.363	19.83	20.552	21.04	22.006	23.812
107.3	-0.3833	17.5839	0.09326	13.378	14.276	14.839	15.149	15.645	15.992	16.524	17.584	18.74	19.404	19.872	20.596	21.085	22.054	23.864
107.4	-0.3833	17.6202	0.09329	13.405	14.305	14.868	15.179	15.676	16.024	16.558	17.62	18.779	19.445	19.914	20.639	21.13	22.101	23.916
107.5	-0.3833	17.6567	0.09333	13.431	14.333	14.898	15.21	15.708	16.057	16.592	17.657	18.818	19.486	19.956	20.683	21.175	22.149	23.969
107.6	-0.3833	17.6932	0.09337	13.457	14.361	14.928	15.24	15.74	16.089	16.626	17.693	18.858	19.527	19.999	20.728	21.221	22.197	24.022
107.7	-0.3833	17.7299	0.09341	13.484	14.39	14.958	15.271	15.772	16.122	16.66	17.73	18.898	19.568	20.041	20.772	21.266	22.246	24.075
107.8	-0.3833	17.7668	0.09344	13.511	14.419	14.988	15.302	15.804	16.155	16.694	17.767	18.937	19.61	20.084	20.816	21.312	22.294	24.127
107.9	-0.3833	17.8037	0.09348	13.537	14.448	15.018	15.333	15.836	16.188	16.728	17.804	18.977	19.651	20.127	20.861	21.358	22.342	24.181
108	-0.3833	17.8407	0.09352	13.564	14.476	15.048	15.364	15.868	16.221	16.763	17.841	19.017	19.693	20.17	20.906	21.404	22.391	24.235
108.1	-0.3833	17.8779	0.09356	13.59	14.505	15.079	15.395	15.9	16.254	16.797	17.878	19.057	19.735	20.213	20.951	21.45	22.44	24.288
108.2	-0.3833	17.9152	0.09359	13.618	14.535	15.109	15.426	15.933	16.288	16.832	17.915	19.097	19.777	20.256	20.996	21.497	22.488	24.342
108.3	-0.3833	17.9526	0.09363	13.645	14.564	15.14	15.458	15.965	16.321	16.867	17.953	19.138	19.819	20.299	21.041	21.543	22.538	24.396
108.4	-0.3833	17.9901	0.09367	13.672	14.593	15.17	15.489	15.998	16.354	16.901	17.99	19.178	19.861	20.343	21.086	21.59	22.587	24.45
108.5	-0.3833	18.0277	0.09371	13.699	14.622	15.201	15.52	16.031	16.388	16.936	18.028	19.219	19.903	20.386	21.132	21.637	22.636	24.505
108.6	-0.3833	18.0654	0.09375	13.726	14.651	15.232	15.552	16.063	16.422	16.971	18.065	19.26	19.946	20.43	21.178	21.684	22.686	24.559
108.7	-0.3833	18.1033	0.09378	13.753	14.681	15.263	15.584	16.096	16.456	17.006	18.103	19.3	19.988	20.474	21.223	21.731	22.735	24.613
108.8	-0.3833	18.1412	0.09382	13.781	14.711	15.294	15.615	16.129	16.489	17.042	18.141	19.341	20.031	20.518	21.269	21.778	22.785	24.668
108.9	-0.3833	18.1792	0.09386	13.808	14.74	15.325	15.647	16.162	16.523	17.077	18.179	19.382	20.074	20.562	21.315	21.825	22.835	24.724
109	-0.3833	18.2174	0.0939	13.835	14.77	15.356	15.679	16.195	16.557	17.112	18.217	19.424	20.117	20.606	21.361	21.873	22.886	24.779
109.1	-0.3833	18.2556	0.09394	13.863	14.8	15.387	15.711	16.229	16.591	17.148	18.256	19.465	20.16	20.65	21.408	21.92	22.936	24.834
109.2	-0.3833	18.294	0.09397	13.891	14.83	15.418	15.743	16.262	16.626	17.183	18.294	19.506	20.203	20.695	21.454	21.968	22.986	24.889
109.3	-0.3833	18.3324	0.09401	13.919	14.86	15.45	15.775	16.296	16.66	17.219	18.332	19.548	20.246	20.739	21.5	22.016	23.037	24.945
109.4	-0.3833	18.371	0.09405	13.946	14.89	15.481	15.808	16.329	16.694	17.255	18.371	19.589	20.29	20.784	21.547	22.064	23.087	25.001
109.5	-0.3833	18.4096	0.09409	13.974	14.92	15.513	15.84	16.363	16.729	17.291	18.41	19.631	20.333	20.829	21.594	22.112	23.138	25.057
109.6	-0.3833	18.4484	0.09413	14.002	14.95	15.544	15.872	16.396	16.763	17.327	18.448	19.673	20.377	20.874	21.641	22.16	23.189	25.113
109.7	-0.3833	18.4872	0.09417	14.03	14.98	15.576	15.905	16.43	16.798	17.363	18.487	19.715	20.421	20.919	21.688	22.209	23.241	25.17
109.8	-0.3833	18.5262	0.09421	14.058	15.01	15.608	15.937	16.464	16.833	17.399	18.526	19.757	20.465	20.964	21.735	22.258	23.292	25.226
109.9	-0.3833	18.5652	0.09424	14.086	15.041	15.64	15.97	16.498	16.868	17.435	18.565	19.799	20.508	21.009	21.782	22.306	23.343	25.282
110	-0.3833	18.6043	0.09428	14.114	15.071	15.671	16.003	16.532	16.903	17.471	18.604	19.841	20.553	21.054	21.83	22.355	23.394	25.339
110.1	-0.3833	18.6436	0.09432	14.143	15.102	15.703	16.035	16.566	16.938	17.508	18.644	19.884	20.597	21.1	21.877	22.404	23.446	25.396
110.2	-0.3833	18.6829	0.09436	14.171	15.132	15.735	16.068	16.6	16.973	17.544	18.683	19.926	20.641	21.146	21.925	22.453	23.498	25.453
110.3	-0.3833	18.7223	0.0944	14.199	15.163	15.767	16.101	16.634	17.008	17.581	18.722	19.969	20.686	21.191	21.973	22.502	23.55	25.51
110.4	-0.3833	18.7618	0.09444	14.228	15.194	15.8	16.134	16.668	17.043	17.617	18.762	20.012	20.73	21.237	22.021	22.551	23.602	25.567
110.5	-0.3833	18.8015	0.09448	14.256	15.225	15.832	16.167	16.703	17.078	17.654	18.802	20.055	20.775	21.283	22.069	22.601	23.654	25.625
110.6	-0.3833	18.8412	0.09452	14.285	15.255	15.864	16.2	16.737	17.114	17.691	18.841	20.097	20.82	21.329	22.117	22.65	23.707	25.683
110.7	-0.3833	18.8809	0.09456	14.313	15.286	15.897	16.233	16.772	17.149	17.728	18.881	20.14	20.864	21.375	22.165	22.7	23.759	25.74
110.8	-0.3833	18.9208	0.0946	14.342	15.317	15.929	16.267	16.806	17.185	17.765	18.921	20.183	20.909	21.422	22.213	22.749	23.812	25.798
110.9	-0.3833	18.9608	0.09464	14.37	15.348	15.962	16.3	16.841	17.22	17.802	18.961	20.227	20.954	21.468	22.262	22.799	23.864	25.857
111	-0.3833	19.0009	0.09467	14.4	15.38	15.994	16.334	16.876	17.256	17.839	19.001	20.27	20.999	21.514	22.31	22.849	23.917	25.914
111.1	-0.3833	19.041	0.09471	14.428	15.411	16.027	16.367	16.911	17.292	17.876	19.041	20.313	21.045	21.561	22.359	22.899	23.97	25.972
111.2	-0.3833	19.0812	0.09475	14.457	15.442	16.06	16.401	16.946	17.328	17.914	19.081	20.357	21.09	21.608	22.408	22.949	24.023	26.031
111.3	-0.3833	19.1215	0.09479	14.486	15.473	16.093	16.434	16.981	17.364	17.951	19.122	20.4	21.136	21.654	22.457	23	24.076	26.089
111.4	-0.3833	19.1619	0.09483	14.515	15.505	16.125	16.468	17.016	17.4	17.989	19.162	20.444	21.181	21.701	22.506	23.05	24.129	26.148
111.5	-0.3833	19.2024	0.09487	14.544	15.536	16.158	16.502	17.051	17.436	18.026	19.202	20.488	21.227	21.748	22.555	23.101	24.183	26.207
111.6	-0.3833	19.243	0.09491	14.573	15.568	16.191	16.536	17.086	17.472	18.064	19.243	20.532	21.273	21.796	22.604	23.151	24.236	26.266
111.7	-0.3833	19.2836	0.09495	14.603	15.599	16.224	16.57	17.121	17.508	18.101	19.284	20.575	21.318	21.843	22.653	23.202	24.29	26.325
111.8	-0.3833	19.3243	0.09499	14.632	15.631	16.258	16.604	17.157	17.544	18.139	19.324	20.619	21.364	21.89	22.703	23.253	24.344	26.384
111.9	-0.3833	19.3651	0.09503	14.661	15.662	16.291	16.638	17.192	17.581	18.177	19.365	20.664	21.41	21.937	22.752	23.304	24.397	26.444
112	-0.3833	19.406	0.09507	14.69	15.694	16.324	16.672	17.227	17.617	18.215	19.406	20.708	21.456	21.985	22.802	23.355	24.451	26.503
112.1	-0.3833	19.447	0.09511	14.72	15.726	16.357	16.706	17.263	17.654	18.253	19.447	20.752	21.503	22.033	22.852	23.406	24.506	26.563
112.2	-0.3833	19.488	0.09515	14.749	15.758	16.391	16.74	17.299	17.69	18.291	19.488	20.796	21.549	22.08	22.901	23.457	24.56	26.623
112.3	-0.3833	19.5291	0.09519	14.779	15.79	16.424	16.774	17.334	17.727	18.329	19.529	20.841	21.595	22.128	22.951	23.509	24.614	26.683
112.4	-0.3833	19.5703	0.09523	14.808	15.822	16.458	16.809	17.37	17.763	18.367	19.57	20.885	21.642	22.176	23.001	23.56	24.668	26.743
112.5	-0.3833	19.6116	0.09527	14.838	15.854	16.491	16.843	17.406	17.8	18.405	19.612	20.93	21.688	22.224	23.051	23.612	24.723	26.803
112.6	-0.3833	19.6529	0.09531	14.867	15.886	16.525	16.878	17.442	17.837	18.444	19.653	20.975	21.735	22.272	23.102	23.664	24.778	26.863
112.7	-0.3833	19.6943	0.09534	14.897	15.918	16.559	16.912	17.478	17.874	18.482	19.694	21.019	21.782	22.32	23.152	23.715	24.832	26.922
112.8	-0.3833	19.7358	0.09538	14.927	15.95	16.592	16.947	17.514	17.911	18.521	19.736	21.064	21.828	22.368	23.202	23.767	24.887	26.983
112.9	-0.3833	19.7774	0.09542	14.957	15.983	16.626	16.982	17.55	17.948	18.559	19.777	21.109	21.875	22.416	23.252	23.819	24.942	27.043
113	-0.3833	19.819	0.09546	14.987	16.015	16.66	17.016	17.586	17.985	18.598	19.819	21.154	21.922	22.465	23.303	23.871	24.997	27.104
113.1	-0.3833	19.8607	0.0955	15.017	16.047	16.694	17.051	17.622	18.022	18.636	19.861	21.199	21.969	22.513	23.354	23.923	25.052	27.165
113.2	-0.3833	19.9024	0.09554	15.046	16.079	16.728	17.086	17.658	18.059	18.675	19.902	21.244	22.016	22.562	23.404	23.975	25.107	27.226
113.3	-0.3833	19.9442	0.09558	15.076	16.112	16.762	17.121	17.694	18.096	18.714	19.944	21.29	22.064	22.61	23.455	24.027	25.162	27.287
113.4	-0.3833	19.9861	0.09562	15.106	16.144	16.796	17.155	17.73	18.134	18.752	19.986	21.335	22.111	22.659	23.506	24.08	25.218	27.348
113.5	-0.3833	20.028	0.09566	15.136	16.177	16.83	17.19	17.767	18.171	18.791	20.028	21.38	22.158	22.708	23.557	24.132	25.273	27.409
113.6	-0.3833	20.07	0.0957	15.166	16.209	16.864	17.225	17.803	18.208	18.83	20.07	21.426	22.206	22.756	23.608	24.185	25.329	27.47
113.7	-0.3833	20.112	0.09574	15.196	16.242	16.898	17.26	17.84	18.246	18.869	20.112	21.471	22.253	22.805	23.659	24.237	25.384	27.532
113.8	-0.3833	20.1541	0.09578	15.227	16.274	16.932	17.295	17.876	18.283	18.908	20.154	21.517	22.301	22.854	23.71	24.29	25.44	27.593
113.9	-0.3833	20.1963	0.09582	15.257	16.307	16.966	17.33	17.913	18.321	18.947	20.196	21.562	22.348	22.903	23.762	24.343	25.496	27.655
114	-0.3833	20.2385	0.09586	15.287	16.34	17.001	17.366	17.949	18.358	18.986	20.239	21.608	22.396	22.952	23.813	24.396	25.552	27.716
114.1	-0.3833	20.2807	0.0959	15.317	16.372	17.035	17.401	17.986	18.396	19.025	20.281	21.654	22.444	23.002	23.864	24.449	25.608	27.778
114.2	-0.3833	20.323	0.09594	15.347	16.405	17.069	17.436	18.022	18.433	19.065	20.323	21.699	22.491	23.051	23.916	24.502	25.664	27.84
114.3	-0.3833	20.3653	0.09598	15.378	16.438	17.104	17.471	18.059	18.471	19.104	20.365	21.745	22.539	23.1	23.967	24.555	25.72	27.902
114.4	-0.3833	20.4077	0.09602	15.408	16.471	17.138	17.506	18.096	18.509	19.143	20.408	21.791	22.587	23.149	24.019	24.608	25.776	27.964
114.5	-0.3833	20.4502	0.09606	15.438	16.504	17.172	17.542	18.132	18.547	19.182	20.45	21.837	22.635	23.199	24.07	24.661	25.832	28.026
114.6	-0.3833	20.4926	0.0961	15.469	16.536	17.207	17.577	18.169	18.584	19.222	20.493	21.883	22.683	23.248	24.122	24.714	25.888	28.088
114.7	-0.3833	20.5351	0.09614	15.499	16.569	17.241	17.612	18.206	18.622	19.261	20.535	21.929	22.731	23.298	24.174	24.767	25.945	28.15
114.8	-0.3833	20.5777	0.09618	15.529	16.602	17.276	17.648	18.243	18.66	19.3	20.578	21.975	22.779	23.347	24.226	24.821	26.001	28.212
114.9	-0.3833	20.6203	0.09622	15.56	16.635	17.31	17.683	18.28	18.698	19.34	20.62	22.021	22.827	23.397	24.277	24.874	26.058	28.275
115	-0.3833	20.6629	0.09626	15.59	16.668	17.345	17.719	18.317	18.736	19.379	20.663	22.067	22.875	23.446	24.329	24.928	26.114	28.337
115.1	-0.3833	20.7056	0.0963	15.621	16.701	17.38	17.754	18.354	18.774	19.419	20.706	22.113	22.924	23.496	24.381	24.981	26.171	28.4
115.2	-0.3833	20.7483	0.09634	15.651	16.734	17.414	17.79	18.39	18.812	19.458	20.748	22.16	22.972	23.546	24.433	25.035	26.227	28.462
115.3	-0.3833	20.791	0.09638	15.682	16.767	17.449	17.825	18.427	18.85	19.498	20.791	22.206	23.02	23.595	24.485	25.088	26.284	28.525
115.4	-0.3833	20.8338	0.09642	15.712	16.8	17.483	17.861	18.464	18.888	19.538	20.834	22.252	23.069	23.645	24.537	25.142	26.341	28.587
115.5	-0.3833	20.8766	0.09646	15.743	16.833	17.518	17.896	18.501	18.926	19.577	20.877	22.298	23.117	23.695	24.59	25.196	26.398	28.65
115.6	-0.3833	20.9194	0.0965	15.773	16.866	17.553	17.932	18.538	18.964	19.617	20.919	22.345	23.165	23.745	24.642	25.249	26.454	28.713
115.7	-0.3833	20.9622	0.09654	15.804	16.899	17.588	17.968	18.576	19.002	19.656	20.962	22.391	23.214	23.795	24.694	25.303	26.511	28.776
115.8	-0.3833	21.0051	0.09658	15.834	16.933	17.622	18.003	18.613	19.04	19.696	21.005	22.438	23.262	23.845	24.746	25.357	26.568	28.839
115.9	-0.3833	21.048	0.09662	15.865	16.966	17.657	18.039	18.65	19.078	19.736	21.048	22.484	23.311	23.895	24.798	25.411	26.625	28.902
116	-0.3833	21.0909	0.09666	15.896	16.999	17.692	18.075	18.687	19.116	19.776	21.091	22.53	23.359	23.945	24.851	25.464	26.682	28.965
116.1	-0.3833	21.1339	0.0967	15.926	17.032	17.727	18.11	18.724	19.154	19.815	21.134	22.577	23.408	23.995	24.903	25.518	26.739	29.028
116.2	-0.3833	21.1769	0.09674	15.957	17.065	17.761	18.146	18.761	19.193	19.855	21.177	22.624	23.457	24.045	24.955	25.572	26.796	29.091
116.3	-0.3833	21.2199	0.09678	15.987	17.098	17.796	18.182	18.798	19.231	19.895	21.22	22.67	23.505	24.095	25.008	25.626	26.853	29.154
116.4	-0.3833	21.2629	0.09682	16.018	17.132	17.831	18.217	18.836	19.269	19.935	21.263	22.717	23.554	24.145	25.06	25.68	26.911	29.217
116.5	-0.3833	21.3059	0.09686	16.049	17.165	17.866	18.253	18.873	19.307	19.975	21.306	22.763	23.603	24.195	25.113	25.734	26.968	29.28
116.6	-0.3833	21.3489	0.09691	16.079	17.198	17.9	18.289	18.91	19.345	20.014	21.349	22.81	23.651	24.246	25.166	25.789	27.026	29.344
116.7	-0.3833	21.392	0.09695	16.109	17.231	17.935	18.324	18.947	19.383	20.054	21.392	22.857	23.7	24.296	25.218	25.843	27.083	29.408
116.8	-0.3833	21.4351	0.09699	16.14	17.264	17.97	18.36	18.984	19.422	20.094	21.435	22.903	23.749	24.346	25.271	25.897	27.14	29.471
116.9	-0.3833	21.4782	0.09703	16.171	17.297	18.005	18.396	19.021	19.46	20.134	21.478	22.95	23.798	24.397	25.323	25.951	27.198	29.535
117	-0.3833	21.5213	0.09707	16.201	17.33	18.04	18.432	19.059	19.498	20.174	21.521	22.997	23.847	24.447	25.376	26.006	27.255	29.598
117.1	-0.3833	21.5644	0.09711	16.232	17.364	18.075	18.467	19.096	19.537	20.214	21.564	23.043	23.895	24.497	25.429	26.06	27.312	29.661
117.2	-0.3833	21.6075	0.09715	16.263	17.397	18.109	18.503	19.133	19.575	20.253	21.608	23.09	23.944	24.548	25.481	26.114	27.37	29.725
117.3	-0.3833	21.6507	0.09719	16.293	17.43	18.144	18.539	19.17	19.613	20.293	21.651	23.137	23.993	24.598	25.534	26.168	27.427	29.788
117.4	-0.3833	21.6938	0.09723	16.324	17.463	18.179	18.575	19.208	19.651	20.333	21.694	23.184	24.042	24.648	25.587	26.223	27.485	29.852
117.5	-0.3833	21.737	0.09727	16.355	17.497	18.214	18.611	19.245	19.69	20.373	21.737	23.23	24.091	24.699	25.639	26.277	27.542	29.915
117.6	-0.3833	21.7802	0.09731	16.385	17.53	18.249	18.647	19.282	19.728	20.413	21.78	23.277	24.14	24.749	25.692	26.331	27.6	29.979
117.7	-0.3833	21.8233	0.09735	16.416	17.563	18.284	18.682	19.319	19.766	20.453	21.823	23.324	24.189	24.799	25.745	26.386	27.657	30.043
117.8	-0.3833	21.8665	0.09739	16.447	17.596	18.319	18.718	19.357	19.805	20.493	21.867	23.371	24.237	24.85	25.797	26.44	27.715	30.106
117.9	-0.3833	21.9097	0.09743	16.477	17.63	18.354	18.754	19.394	19.843	20.533	21.91	23.418	24.286	24.9	25.85	26.494	27.772	30.17
118	-0.3833	21.9529	0.09747	16.508	17.663	18.389	18.79	19.431	19.881	20.573	21.953	23.464	24.335	24.951	25.903	26.549	27.83	30.234
118.1	-0.3833	21.9961	0.09751	16.539	17.696	18.424	18.826	19.469	19.92	20.613	21.996	23.511	24.384	25.001	25.956	26.603	27.888	30.297
118.2	-0.3833	22.0393	0.09755	16.569	17.729	18.458	18.861	19.506	19.958	20.653	22.039	23.558	24.433	25.052	26.009	26.657	27.945	30.361
118.3	-0.3833	22.0825	0.09759	16.6	17.763	18.493	18.897	19.543	19.996	20.693	22.083	23.605	24.482	25.102	26.061	26.712	28.003	30.425
118.4	-0.3833	22.1258	0.09763	16.631	17.796	18.528	18.933	19.58	20.035	20.733	22.126	23.652	24.531	25.153	26.114	26.766	28.061	30.489
118.5	-0.3833	22.169	0.09767	16.661	17.829	18.563	18.969	19.618	20.073	20.773	22.169	23.699	24.58	25.203	26.167	26.821	28.118	30.553
118.6	-0.3833	22.2122	0.09771	16.692	17.862	18.598	19.005	19.655	20.111	20.813	22.212	23.745	24.629	25.254	26.22	26.875	28.176	30.616
118.7	-0.3833	22.2554	0.09775	16.723	17.896	18.633	19.04	19.692	20.15	20.852	22.255	23.792	24.678	25.304	26.273	26.93	28.234	30.68
118.8	-0.3833	22.2986	0.0978	16.753	17.928	18.667	19.076	19.729	20.188	20.892	22.299	23.839	24.727	25.355	26.326	26.985	28.292	30.745
118.9	-0.3833	22.3419	0.09784	16.783	17.962	18.702	19.112	19.767	20.226	20.932	22.342	23.886	24.776	25.405	26.379	27.039	28.35	30.809
119	-0.3833	22.3851	0.09788	16.814	17.995	18.737	19.147	19.804	20.265	20.972	22.385	23.933	24.825	25.456	26.432	27.094	28.408	30.873
119.1	-0.3833	22.4283	0.09792	16.845	18.028	18.772	19.183	19.841	20.303	21.012	22.428	23.98	24.874	25.506	26.485	27.148	28.465	30.937
119.2	-0.3833	22.4715	0.09796	16.875	18.061	18.807	19.219	19.878	20.341	21.052	22.472	24.027	24.923	25.557	26.538	27.203	28.523	31.001
119.3	-0.3833	22.5148	0.098	16.906	18.094	18.842	19.255	19.916	20.38	21.092	22.515	24.074	24.972	25.608	26.591	27.257	28.581	31.065
119.4	-0.3833	22.558	0.09804	16.936	18.128	18.877	19.291	19.953	20.418	21.132	22.558	24.121	25.021	25.658	26.644	27.312	28.639	31.129
119.5	-0.3833	22.6012	0.09808	16.967	18.161	18.911	19.326	19.99	20.456	21.172	22.601	24.168	25.07	25.709	26.697	27.366	28.696	31.193
119.6	-0.3833	22.6444	0.09812	16.997	18.194	18.946	19.362	20.027	20.494	21.212	22.644	24.214	25.119	25.759	26.749	27.421	28.754	31.257
119.7	-0.3833	22.6877	0.09816	17.028	18.227	18.981	19.398	20.065	20.533	21.252	22.688	24.261	25.169	25.81	26.802	27.476	28.812	31.321
119.8	-0.3833	22.7309	0.0982	17.059	18.26	19.016	19.434	20.102	20.571	21.292	22.731	24.308	25.218	25.86	26.855	27.53	28.87	31.385
119.9	-0.3833	22.7741	0.09824	17.089	18.293	19.051	19.469	20.139	20.609	21.332	22.774	24.355	25.267	25.911	26.908	27.585	28.928	31.449
120	-0.3833	22.8173	0.09828	17.12	18.327	19.086	19.505	20.176	20.648	21.372	22.817	24.402	25.316	25.961	26.961	27.639	28.986	31.513
