Height	L	M	S	P01	P1	P3	P5	P10	P15	P25	P50	P75	P85	P90	P95	P97	P99	P999
65	-0.3521	7.4327	0.08217	5.828	6.177	6.394	6.513	6.703	6.834	7.036	7.433	7.861	8.104	8.275	8.537	8.713	9.059	9.698
65.1	-0.3521	7.4563	0.08216	5.847	6.197	6.415	6.534	6.724	6.856	7.058	7.456	7.885	8.13	8.301	8.564	8.74	9.088	9.728
65.2	-0.3521	7.4799	0.08216	5.865	6.217	6.435	6.555	6.745	6.878	7.08	7.48	7.91	8.155	8.327	8.591	8.768	9.117	9.759
65.3	-0.3521	7.5034	0.08215	5.884	6.236	6.455	6.575	6.766	6.9	7.103	7.503	7.935	8.181	8.353	8.618	8.795	9.145	9.789
65.4	-0.3521	7.5269	0.08214	5.902	6.256	6.476	6.596	6.788	6.921	7.125	7.527	7.96	8.206	8.379	8.644	8.823	9.173	9.82
65.5	-0.3521	7.5504	0.08214	5.921	6.276	6.496	6.617	6.809	6.943	7.147	7.55	7.985	8.232	8.405	8.671	8.85	9.202	9.85
65.6	-0.3521	7.5738	0.08214	5.939	6.295	6.516	6.637	6.83	6.964	7.169	7.574	8.01	8.258	8.431	8.698	8.878	9.23	9.881
65.7	-0.3521	7.5973	0.08213	5.958	6.315	6.536	6.658	6.851	6.986	7.192	7.597	8.034	8.283	8.457	8.725	8.905	9.259	9.911
65.8	-0.3521	7.6206	0.08213	5.976	6.334	6.556	6.678	6.872	7.008	7.214	7.621	8.059	8.308	8.483	8.752	8.932	9.287	9.942
65.9	-0.3521	7.644	0.08213	5.994	6.354	6.577	6.699	6.893	7.029	7.236	7.644	8.084	8.334	8.509	8.779	8.96	9.316	9.972
66	-0.3521	7.6673	0.08212	6.013	6.373	6.597	6.719	6.915	7.051	7.258	7.667	8.108	8.359	8.535	8.805	8.987	9.344	10.002
66.1	-0.3521	7.6906	0.08212	6.031	6.392	6.617	6.74	6.936	7.072	7.28	7.691	8.133	8.385	8.561	8.832	9.014	9.372	10.033
66.2	-0.3521	7.7138	0.08212	6.049	6.412	6.637	6.76	6.956	7.093	7.302	7.714	8.158	8.41	8.587	8.859	9.041	9.401	10.063
66.3	-0.3521	7.737	0.08212	6.068	6.431	6.657	6.781	6.977	7.115	7.324	7.737	8.182	8.435	8.613	8.885	9.069	9.429	10.093
66.4	-0.3521	7.7602	0.08212	6.086	6.45	6.677	6.801	6.998	7.136	7.346	7.76	8.207	8.461	8.639	8.912	9.096	9.457	10.123
66.5	-0.3521	7.7834	0.08212	6.104	6.47	6.697	6.821	7.019	7.157	7.368	7.783	8.231	8.486	8.664	8.939	9.123	9.485	10.154
66.6	-0.3521	7.8065	0.08212	6.122	6.489	6.716	6.841	7.04	7.179	7.39	7.807	8.256	8.511	8.69	8.965	9.15	9.514	10.184
66.7	-0.3521	7.8296	0.08212	6.14	6.508	6.736	6.862	7.061	7.2	7.412	7.83	8.28	8.536	8.716	8.992	9.177	9.542	10.214
66.8	-0.3521	7.8526	0.08212	6.158	6.527	6.756	6.882	7.082	7.221	7.433	7.853	8.304	8.561	8.742	9.018	9.204	9.57	10.244
66.9	-0.3521	7.8757	0.08212	6.176	6.546	6.776	6.902	7.102	7.242	7.455	7.876	8.329	8.587	8.767	9.045	9.231	9.598	10.274
67	-0.3521	7.8986	0.08213	6.194	6.565	6.796	6.922	7.123	7.263	7.477	7.899	8.353	8.612	8.793	9.071	9.258	9.626	10.304
67.1	-0.3521	7.9216	0.08213	6.212	6.584	6.815	6.942	7.144	7.284	7.499	7.922	8.377	8.637	8.818	9.098	9.285	9.654	10.334
67.2	-0.3521	7.9445	0.08213	6.23	6.603	6.835	6.962	7.164	7.305	7.52	7.945	8.402	8.662	8.844	9.124	9.312	9.682	10.364
67.3	-0.3521	7.9674	0.08214	6.248	6.622	6.855	6.982	7.185	7.326	7.542	7.967	8.426	8.687	8.87	9.15	9.339	9.71	10.394
67.4	-0.3521	7.9903	0.08214	6.266	6.641	6.874	7.002	7.206	7.347	7.564	7.99	8.45	8.712	8.895	9.177	9.366	9.738	10.424
67.5	-0.3521	8.0132	0.08214	6.284	6.66	6.894	7.022	7.226	7.368	7.585	8.013	8.474	8.737	8.921	9.203	9.393	9.766	10.454
67.6	-0.3521	8.036	0.08215	6.301	6.679	6.914	7.042	7.247	7.389	7.607	8.036	8.498	8.762	8.946	9.229	9.42	9.794	10.484
67.7	-0.3521	8.0588	0.08215	6.319	6.698	6.933	7.062	7.267	7.41	7.628	8.059	8.523	8.786	8.971	9.255	9.446	9.822	10.514
67.8	-0.3521	8.0816	0.08216	6.337	6.717	6.953	7.082	7.288	7.431	7.65	8.082	8.547	8.811	8.997	9.282	9.473	9.85	10.544
67.9	-0.3521	8.1044	0.08217	6.355	6.736	6.972	7.102	7.308	7.452	7.672	8.104	8.571	8.836	9.022	9.308	9.5	9.878	10.574
68	-0.3521	8.1272	0.08217	6.373	6.755	6.992	7.122	7.329	7.473	7.693	8.127	8.595	8.861	9.048	9.334	9.527	9.906	10.604
68.1	-0.3521	8.15	0.08218	6.39	6.773	7.011	7.142	7.349	7.494	7.715	8.15	8.619	8.886	9.073	9.361	9.554	9.934	10.634
68.2	-0.3521	8.1727	0.08219	6.408	6.792	7.031	7.162	7.37	7.515	7.736	8.173	8.643	8.911	9.099	9.387	9.581	9.962	10.664
68.3	-0.3521	8.1955	0.08219	6.426	6.811	7.05	7.182	7.39	7.536	7.758	8.196	8.667	8.936	9.124	9.413	9.607	9.989	10.694
68.4	-0.3521	8.2183	0.0822	6.443	6.83	7.07	7.201	7.411	7.557	7.779	8.218	8.692	8.961	9.15	9.439	9.634	10.017	10.724
68.5	-0.3521	8.241	0.08221	6.461	6.849	7.089	7.221	7.431	7.577	7.801	8.241	8.716	8.986	9.175	9.466	9.661	10.045	10.754
68.6	-0.3521	8.2638	0.08222	6.479	6.867	7.109	7.241	7.452	7.598	7.822	8.264	8.74	9.011	9.201	9.492	9.688	10.073	10.784
68.7	-0.3521	8.2865	0.08223	6.496	6.886	7.128	7.261	7.472	7.619	7.844	8.287	8.764	9.035	9.226	9.518	9.715	10.101	10.814
68.8	-0.3521	8.3092	0.08224	6.514	6.905	7.147	7.281	7.492	7.64	7.865	8.309	8.788	9.06	9.251	9.544	9.742	10.129	10.844
68.9	-0.3521	8.332	0.08225	6.532	6.924	7.167	7.3	7.513	7.661	7.887	8.332	8.812	9.085	9.277	9.571	9.769	10.157	10.874
69	-0.3521	8.3547	0.08226	6.549	6.942	7.186	7.32	7.533	7.682	7.908	8.355	8.836	9.11	9.302	9.597	9.795	10.185	10.904
69.1	-0.3521	8.3774	0.08227	6.567	6.961	7.206	7.34	7.554	7.702	7.929	8.377	8.86	9.135	9.328	9.623	9.822	10.213	10.934
69.2	-0.3521	8.4001	0.08228	6.585	6.98	7.225	7.36	7.574	7.723	7.951	8.4	8.884	9.16	9.353	9.65	9.849	10.241	10.964
69.3	-0.3521	8.4227	0.08229	6.602	6.998	7.244	7.379	7.594	7.744	7.972	8.423	8.908	9.185	9.378	9.676	9.876	10.269	10.994
69.4	-0.3521	8.4454	0.0823	6.62	7.017	7.264	7.399	7.615	7.765	7.994	8.445	8.932	9.209	9.404	9.702	9.903	10.297	11.024
69.5	-0.3521	8.468	0.08231	6.637	7.036	7.283	7.419	7.635	7.785	8.015	8.468	8.956	9.234	9.429	9.728	9.929	10.325	11.054
69.6	-0.3521	8.4906	0.08232	6.655	7.054	7.302	7.439	7.655	7.806	8.036	8.491	8.98	9.259	9.454	9.754	9.956	10.352	11.084
69.7	-0.3521	8.5132	0.08233	6.672	7.073	7.322	7.458	7.675	7.827	8.058	8.513	9.004	9.284	9.48	9.78	9.983	10.38	11.114
69.8	-0.3521	8.5358	0.08235	6.69	7.091	7.341	7.478	7.696	7.847	8.079	8.536	9.028	9.309	9.505	9.807	10.01	10.408	11.144
69.9	-0.3521	8.5583	0.08236	6.707	7.11	7.36	7.497	7.716	7.868	8.1	8.558	9.052	9.333	9.53	9.833	10.036	10.436	11.174
70	-0.3521	8.5808	0.08237	6.724	7.128	7.379	7.517	7.736	7.889	8.121	8.581	9.076	9.358	9.555	9.859	10.063	10.464	11.203
70.1	-0.3521	8.6032	0.08238	6.742	7.147	7.398	7.537	7.756	7.909	8.143	8.603	9.1	9.382	9.58	9.885	10.089	10.491	11.233
70.2	-0.3521	8.6257	0.0824	6.759	7.165	7.418	7.556	7.776	7.93	8.164	8.626	9.124	9.407	9.606	9.911	10.116	10.519	11.263
70.3	-0.3521	8.648	0.08241	6.776	7.184	7.437	7.575	7.796	7.95	8.185	8.648	9.147	9.431	9.631	9.937	10.142	10.547	11.293
70.4	-0.3521	8.6704	0.08242	6.794	7.202	7.456	7.595	7.816	7.971	8.206	8.67	9.171	9.456	9.656	9.962	10.169	10.574	11.322
70.5	-0.3521	8.6927	0.08243	6.811	7.22	7.475	7.614	7.836	7.991	8.227	8.693	9.195	9.48	9.681	9.988	10.195	10.602	11.352
70.6	-0.3521	8.715	0.08245	6.828	7.239	7.494	7.634	7.856	8.011	8.248	8.715	9.218	9.505	9.706	10.014	10.222	10.63	11.382
70.7	-0.3521	8.7372	0.08246	6.845	7.257	7.513	7.653	7.876	8.032	8.269	8.737	9.242	9.529	9.731	10.04	10.248	10.657	11.411
70.8	-0.3521	8.7594	0.08248	6.862	7.275	7.531	7.672	7.896	8.052	8.29	8.759	9.266	9.554	9.756	10.066	10.274	10.684	11.441
70.9	-0.3521	8.7815	0.08249	6.879	7.293	7.55	7.691	7.916	8.072	8.311	8.782	9.289	9.578	9.78	10.091	10.301	10.712	11.47
71	-0.3521	8.8036	0.0825	6.897	7.311	7.569	7.711	7.936	8.092	8.332	8.804	9.313	9.602	9.805	10.117	10.327	10.739	11.499
71.1	-0.3521	8.8257	0.08252	6.913	7.329	7.588	7.73	7.955	8.112	8.352	8.826	9.336	9.626	9.83	10.143	10.353	10.766	11.529
71.2	-0.3521	8.8477	0.08253	6.93	7.348	7.607	7.749	7.975	8.133	8.373	8.848	9.359	9.65	9.855	10.168	10.379	10.794	11.558
71.3	-0.3521	8.8697	0.08254	6.948	7.366	7.625	7.768	7.995	8.153	8.394	8.87	9.383	9.675	9.879	10.194	10.405	10.821	11.587
71.4	-0.3521	8.8916	0.08256	6.964	7.384	7.644	7.787	8.014	8.173	8.415	8.892	9.406	9.699	9.904	10.219	10.431	10.848	11.617
71.5	-0.3521	8.9135	0.08257	6.981	7.402	7.663	7.806	8.034	8.193	8.435	8.914	9.429	9.723	9.928	10.244	10.457	10.875	11.646
71.6	-0.3521	8.9353	0.08259	6.998	7.419	7.681	7.825	8.053	8.213	8.456	8.935	9.452	9.747	9.953	10.27	10.483	10.902	11.675
71.7	-0.3521	8.9571	0.0826	7.015	7.437	7.7	7.844	8.073	8.233	8.476	8.957	9.476	9.771	9.977	10.295	10.509	10.929	11.704
71.8	-0.3521	8.9788	0.08262	7.031	7.455	7.718	7.863	8.092	8.252	8.497	8.979	9.499	9.794	10.002	10.32	10.535	10.956	11.733
71.9	-0.3521	9.0005	0.08263	7.048	7.473	7.737	7.881	8.112	8.272	8.517	9.001	9.522	9.818	10.026	10.346	10.56	10.983	11.762
72	-0.3521	9.0221	0.08264	7.065	7.491	7.755	7.9	8.131	8.292	8.538	9.022	9.545	9.842	10.05	10.371	10.586	11.009	11.79
72.1	-0.3521	9.0436	0.08266	7.081	7.508	7.773	7.919	8.15	8.312	8.558	9.044	9.567	9.866	10.075	10.396	10.612	11.036	11.819
72.2	-0.3521	9.0651	0.08267	7.098	7.526	7.792	7.938	8.17	8.331	8.578	9.065	9.59	9.889	10.099	10.42	10.637	11.063	11.848
72.3	-0.3521	9.0865	0.08269	7.114	7.543	7.81	7.956	8.189	8.351	8.598	9.087	9.613	9.913	10.123	10.445	10.663	11.089	11.876
72.4	-0.3521	9.1079	0.0827	7.131	7.561	7.828	7.975	8.208	8.37	8.618	9.108	9.636	9.936	10.147	10.47	10.688	11.116	11.905
72.5	-0.3521	9.1292	0.08272	7.147	7.578	7.846	7.993	8.227	8.39	8.638	9.129	9.658	9.96	10.171	10.495	10.713	11.142	11.933
72.6	-0.3521	9.1504	0.08273	7.164	7.596	7.864	8.012	8.246	8.409	8.658	9.15	9.681	9.983	10.195	10.52	10.738	11.168	11.962
72.7	-0.3521	9.1716	0.08274	7.18	7.613	7.882	8.03	8.265	8.429	8.678	9.172	9.703	10.006	10.218	10.544	10.763	11.195	11.99
72.8	-0.3521	9.1927	0.08276	7.196	7.63	7.9	8.048	8.284	8.448	8.698	9.193	9.726	10.029	10.242	10.569	10.789	11.221	12.018
72.9	-0.3521	9.2137	0.08277	7.212	7.648	7.918	8.066	8.302	8.467	8.718	9.214	9.748	10.052	10.266	10.593	10.813	11.247	12.046
73	-0.3521	9.2347	0.08278	7.228	7.665	7.936	8.085	8.321	8.486	8.738	9.235	9.77	10.075	10.289	10.617	10.838	11.273	12.074
73.1	-0.3521	9.2557	0.0828	7.245	7.682	7.954	8.103	8.34	8.505	8.758	9.256	9.793	10.098	10.313	10.642	10.863	11.299	12.102
73.2	-0.3521	9.2766	0.08281	7.261	7.699	7.971	8.121	8.359	8.524	8.777	9.277	9.815	10.121	10.336	10.666	10.888	11.325	12.13
73.3	-0.3521	9.2974	0.08283	7.277	7.716	7.989	8.139	8.377	8.543	8.797	9.297	9.837	10.144	10.36	10.69	10.913	11.351	12.158
73.4	-0.3521	9.3182	0.08284	7.293	7.733	8.007	8.157	8.396	8.562	8.817	9.318	9.859	10.167	10.383	10.715	10.938	11.376	12.185
73.5	-0.3521	9.339	0.08285	7.309	7.75	8.025	8.175	8.415	8.581	8.836	9.339	9.881	10.19	10.406	10.739	10.962	11.402	12.213
73.6	-0.3521	9.3597	0.08287	7.324	7.767	8.042	8.193	8.433	8.6	8.856	9.36	9.903	10.213	10.43	10.763	10.987	11.428	12.241
73.7	-0.3521	9.3803	0.08288	7.34	7.784	8.06	8.211	8.451	8.619	8.875	9.38	9.925	10.235	10.453	10.787	11.011	11.453	12.268
73.8	-0.3521	9.401	0.08289	7.356	7.801	8.077	8.229	8.47	8.638	8.895	9.401	9.947	10.258	10.476	10.811	11.036	11.479	12.296
73.9	-0.3521	9.4215	0.0829	7.372	7.818	8.095	8.247	8.488	8.657	8.914	9.422	9.969	10.28	10.499	10.834	11.06	11.504	12.323
74	-0.3521	9.442	0.08292	7.388	7.834	8.112	8.264	8.507	8.675	8.933	9.442	9.991	10.303	10.522	10.858	11.085	11.53	12.351
74.1	-0.3521	9.4625	0.08293	7.404	7.851	8.129	8.282	8.525	8.694	8.953	9.463	10.012	10.325	10.545	10.882	11.109	11.555	12.378
74.2	-0.3521	9.4829	0.08294	7.419	7.868	8.147	8.3	8.543	8.713	8.972	9.483	10.034	10.348	10.568	10.906	11.133	11.58	12.405
74.3	-0.3521	9.5032	0.08295	7.435	7.885	8.164	8.318	8.561	8.731	8.991	9.503	10.056	10.37	10.591	10.929	11.157	11.605	12.432
74.4	-0.3521	9.5235	0.08297	7.451	7.901	8.181	8.335	8.579	8.75	9.01	9.524	10.077	10.392	10.614	10.953	11.182	11.631	12.459
74.5	-0.3521	9.5438	0.08298	7.466	7.918	8.199	8.353	8.598	8.768	9.029	9.544	10.099	10.415	10.636	10.977	11.206	11.656	12.486
74.6	-0.3521	9.5639	0.08299	7.482	7.934	8.216	8.37	8.616	8.787	9.048	9.564	10.12	10.437	10.659	11	11.229	11.681	12.513
74.7	-0.3521	9.5841	0.083	7.497	7.951	8.233	8.388	8.634	8.805	9.067	9.584	10.142	10.459	10.682	11.023	11.253	11.706	12.54
74.8	-0.3521	9.6041	0.08301	7.513	7.967	8.25	8.405	8.652	8.824	9.086	9.604	10.163	10.481	10.704	11.047	11.277	11.73	12.567
74.9	-0.3521	9.6241	0.08302	7.528	7.984	8.267	8.422	8.67	8.842	9.105	9.624	10.184	10.503	10.726	11.07	11.301	11.755	12.593
75	-0.3521	9.644	0.08303	7.544	8	8.284	8.44	8.687	8.86	9.124	9.644	10.205	10.525	10.749	11.093	11.324	11.78	12.62
75.1	-0.3521	9.6639	0.08305	7.559	8.016	8.301	8.457	8.705	8.878	9.142	9.664	10.226	10.547	10.771	11.116	11.348	11.805	12.647
75.2	-0.3521	9.6836	0.08306	7.574	8.033	8.317	8.474	8.723	8.896	9.161	9.684	10.247	10.568	10.793	11.139	11.372	11.829	12.673
75.3	-0.3521	9.7033	0.08307	7.589	8.049	8.334	8.491	8.74	8.914	9.18	9.703	10.268	10.59	10.815	11.162	11.395	11.853	12.699
75.4	-0.3521	9.723	0.08307	7.604	8.065	8.351	8.508	8.758	8.932	9.198	9.723	10.289	10.611	10.837	11.184	11.418	11.877	12.725
75.5	-0.3521	9.7425	0.08308	7.619	8.081	8.368	8.525	8.776	8.95	9.217	9.743	10.31	10.633	10.859	11.207	11.441	11.901	12.751
75.6	-0.3521	9.762	0.08309	7.635	8.097	8.384	8.542	8.793	8.968	9.235	9.762	10.331	10.654	10.881	11.23	11.464	11.926	12.777
75.7	-0.3521	9.7814	0.0831	7.649	8.113	8.401	8.559	8.81	8.986	9.253	9.781	10.351	10.675	10.903	11.252	11.487	11.95	12.803
75.8	-0.3521	9.8007	0.08311	7.664	8.129	8.417	8.576	8.828	9.003	9.271	9.801	10.372	10.697	10.925	11.275	11.51	11.973	12.828
75.9	-0.3521	9.82	0.08312	7.679	8.145	8.434	8.593	8.845	9.021	9.29	9.82	10.392	10.718	10.946	11.297	11.533	11.997	12.854
76	-0.3521	9.8392	0.08312	7.694	8.161	8.45	8.609	8.862	9.039	9.308	9.839	10.412	10.739	10.968	11.319	11.556	12.021	12.879
76.1	-0.3521	9.8583	0.08313	7.709	8.176	8.466	8.626	8.879	9.056	9.326	9.858	10.433	10.76	10.989	11.341	11.578	12.044	12.904
76.2	-0.3521	9.8773	0.08314	7.724	8.192	8.483	8.642	8.896	9.073	9.344	9.877	10.453	10.781	11.01	11.363	11.601	12.068	12.93
76.3	-0.3521	9.8963	0.08314	7.738	8.208	8.499	8.659	8.913	9.091	9.362	9.896	10.473	10.801	11.032	11.385	11.623	12.091	12.955
76.4	-0.3521	9.9152	0.08315	7.753	8.223	8.515	8.675	8.93	9.108	9.38	9.915	10.493	10.822	11.053	11.407	11.646	12.115	12.98
76.5	-0.3521	9.9341	0.08315	7.768	8.239	8.531	8.692	8.947	9.126	9.397	9.934	10.513	10.843	11.074	11.429	11.668	12.138	13.005
76.6	-0.3521	9.9528	0.08316	7.782	8.254	8.547	8.708	8.964	9.143	9.415	9.953	10.533	10.863	11.095	11.451	11.69	12.161	13.03
76.7	-0.3521	9.9716	0.08316	7.797	8.27	8.563	8.725	8.981	9.16	9.433	9.972	10.553	10.884	11.116	11.472	11.712	12.184	13.054
76.8	-0.3521	9.9902	0.08317	7.811	8.285	8.579	8.741	8.998	9.177	9.45	9.99	10.573	10.904	11.137	11.494	11.734	12.207	13.079
76.9	-0.3521	10.0088	0.08317	7.826	8.3	8.595	8.757	9.014	9.194	9.468	10.009	10.592	10.924	11.157	11.515	11.756	12.23	13.103
77	-0.3521	10.0274	0.08317	7.84	8.316	8.611	8.773	9.031	9.211	9.486	10.027	10.612	10.945	11.178	11.537	11.778	12.252	13.128
77.1	-0.3521	10.0459	0.08318	7.855	8.331	8.627	8.789	9.048	9.228	9.503	10.046	10.632	10.965	11.199	11.558	11.8	12.275	13.152
77.2	-0.3521	10.0643	0.08318	7.869	8.346	8.643	8.805	9.064	9.245	9.52	10.064	10.651	10.985	11.219	11.579	11.821	12.298	13.176
77.3	-0.3521	10.0827	0.08318	7.883	8.361	8.658	8.822	9.081	9.262	9.538	10.083	10.671	11.005	11.24	11.6	11.843	12.32	13.2
77.4	-0.3521	10.1011	0.08318	7.898	8.377	8.674	8.838	9.097	9.279	9.555	10.101	10.69	11.025	11.26	11.622	11.865	12.343	13.225
77.5	-0.3521	10.1194	0.08318	7.912	8.392	8.69	8.854	9.114	9.295	9.573	10.119	10.709	11.045	11.281	11.643	11.886	12.365	13.249
77.6	-0.3521	10.1377	0.08318	7.926	8.407	8.706	8.87	9.13	9.312	9.59	10.138	10.729	11.065	11.301	11.664	11.908	12.387	13.272
77.7	-0.3521	10.1559	0.08318	7.941	8.422	8.721	8.886	9.147	9.329	9.607	10.156	10.748	11.085	11.322	11.685	11.929	12.41	13.296
77.8	-0.3521	10.1741	0.08318	7.955	8.437	8.737	8.901	9.163	9.346	9.624	10.174	10.767	11.105	11.342	11.706	11.95	12.432	13.32
77.9	-0.3521	10.1923	0.08317	7.969	8.452	8.753	8.918	9.18	9.363	9.642	10.192	10.786	11.125	11.362	11.726	11.972	12.454	13.343
78	-0.3521	10.2105	0.08317	7.983	8.468	8.768	8.933	9.196	9.379	9.659	10.211	10.806	11.145	11.382	11.747	11.993	12.476	13.367
78.1	-0.3521	10.2286	0.08317	7.998	8.483	8.784	8.949	9.212	9.396	9.676	10.229	10.825	11.164	11.402	11.768	12.014	12.498	13.391
78.2	-0.3521	10.2468	0.08316	8.012	8.498	8.8	8.965	9.229	9.413	9.693	10.247	10.844	11.184	11.423	11.789	12.035	12.52	13.414
78.3	-0.3521	10.2649	0.08316	8.026	8.513	8.815	8.981	9.245	9.429	9.71	10.265	10.863	11.204	11.443	11.81	12.057	12.542	13.438
78.4	-0.3521	10.2831	0.08315	8.041	8.528	8.831	8.997	9.262	9.446	9.728	10.283	10.882	11.224	11.463	11.83	12.078	12.564	13.461
78.5	-0.3521	10.3012	0.08315	8.055	8.543	8.847	9.013	9.278	9.463	9.745	10.301	10.902	11.243	11.483	11.851	12.099	12.586	13.485
78.6	-0.3521	10.3194	0.08314	8.069	8.558	8.862	9.029	9.295	9.48	9.762	10.319	10.921	11.263	11.503	11.872	12.12	12.608	13.509
78.7	-0.3521	10.3376	0.08313	8.084	8.574	8.878	9.045	9.311	9.496	9.779	10.338	10.94	11.283	11.523	11.893	12.141	12.63	13.532
78.8	-0.3521	10.3558	0.08313	8.098	8.589	8.894	9.061	9.327	9.513	9.796	10.356	10.959	11.303	11.544	11.914	12.163	12.652	13.556
78.9	-0.3521	10.3741	0.08312	8.113	8.604	8.91	9.077	9.344	9.53	9.814	10.374	10.978	11.323	11.564	11.934	12.184	12.674	13.579
79	-0.3521	10.3923	0.08311	8.127	8.619	8.925	9.093	9.361	9.547	9.831	10.392	10.998	11.342	11.584	11.955	12.205	12.696	13.603
79.1	-0.3521	10.4107	0.0831	8.142	8.635	8.941	9.11	9.377	9.564	9.849	10.411	11.017	11.362	11.604	11.976	12.226	12.718	13.626
79.2	-0.3521	10.4291	0.08309	8.156	8.65	8.957	9.126	9.394	9.581	9.866	10.429	11.036	11.382	11.625	11.997	12.248	12.741	13.65
79.3	-0.3521	10.4475	0.08308	8.171	8.666	8.973	9.142	9.411	9.598	9.884	10.448	11.056	11.402	11.645	12.018	12.269	12.763	13.673
79.4	-0.3521	10.466	0.08307	8.186	8.681	8.989	9.158	9.427	9.615	9.901	10.466	11.075	11.422	11.666	12.039	12.291	12.785	13.697
79.5	-0.3521	10.4845	0.08305	8.201	8.697	9.006	9.175	9.444	9.632	9.919	10.485	11.095	11.442	11.686	12.06	12.312	12.807	13.72
79.6	-0.3521	10.5031	0.08304	8.215	8.713	9.022	9.191	9.461	9.649	9.936	10.503	11.114	11.462	11.706	12.081	12.333	12.829	13.744
79.7	-0.3521	10.5217	0.08303	8.23	8.728	9.038	9.208	9.478	9.666	9.954	10.522	11.134	11.483	11.727	12.102	12.355	12.852	13.768
79.8	-0.3521	10.5405	0.08301	8.245	8.744	9.054	9.225	9.495	9.684	9.972	10.541	11.154	11.503	11.748	12.124	12.377	12.874	13.792
79.9	-0.3521	10.5592	0.083	8.26	8.76	9.071	9.241	9.512	9.701	9.99	10.559	11.173	11.523	11.768	12.145	12.398	12.897	13.816
80	-0.3521	10.5781	0.08298	8.275	8.776	9.087	9.258	9.529	9.719	10.008	10.578	11.193	11.543	11.789	12.166	12.42	12.919	13.84
80.1	-0.3521	10.597	0.08297	8.29	8.792	9.103	9.275	9.547	9.736	10.026	10.597	11.213	11.564	11.81	12.188	12.442	12.942	13.864
80.2	-0.3521	10.6161	0.08295	8.306	8.808	9.12	9.292	9.564	9.754	10.044	10.616	11.233	11.585	11.831	12.209	12.464	12.964	13.888
80.3	-0.3521	10.6352	0.08293	8.321	8.824	9.137	9.309	9.581	9.772	10.062	10.635	11.253	11.605	11.852	12.231	12.486	12.987	13.912
80.4	-0.3521	10.6544	0.08291	8.337	8.841	9.154	9.326	9.599	9.79	10.08	10.654	11.273	11.626	11.873	12.253	12.508	13.01	13.936
80.5	-0.3521	10.6737	0.0829	8.352	8.857	9.171	9.343	9.617	9.807	10.099	10.674	11.294	11.647	11.894	12.274	12.53	13.033	13.961
80.6	-0.3521	10.6931	0.08288	8.368	8.873	9.188	9.36	9.634	9.825	10.117	10.693	11.314	11.668	11.916	12.296	12.553	13.056	13.985
80.7	-0.3521	10.7126	0.08286	8.383	8.89	9.205	9.377	9.652	9.844	10.136	10.713	11.335	11.689	11.937	12.318	12.575	13.079	14.01
80.8	-0.3521	10.7322	0.08284	8.399	8.907	9.222	9.395	9.67	9.862	10.154	10.732	11.355	11.71	11.959	12.34	12.597	13.103	14.035
80.9	-0.3521	10.752	0.08282	8.415	8.923	9.239	9.412	9.688	9.88	10.173	10.752	11.376	11.731	11.98	12.363	12.62	13.126	14.06
81	-0.3521	10.7718	0.08279	8.431	8.94	9.257	9.43	9.706	9.899	10.192	10.772	11.397	11.752	12.002	12.385	12.643	13.149	14.084
81.1	-0.3521	10.7918	0.08277	8.448	8.957	9.274	9.448	9.724	9.917	10.211	10.792	11.418	11.774	12.024	12.408	12.666	13.173	14.109
81.2	-0.3521	10.8119	0.08275	8.464	8.974	9.292	9.466	9.743	9.936	10.231	10.812	11.439	11.796	12.046	12.43	12.689	13.197	14.134
81.3	-0.3521	10.8321	0.08273	8.48	8.992	9.309	9.484	9.761	9.955	10.25	10.832	11.46	11.817	12.068	12.453	12.712	13.221	14.16
81.4	-0.3521	10.8524	0.0827	8.497	9.009	9.327	9.502	9.78	9.974	10.269	10.852	11.481	11.839	12.09	12.476	12.735	13.245	14.185
81.5	-0.3521	10.8728	0.08268	8.513	9.026	9.345	9.52	9.799	9.993	10.289	10.873	11.503	11.861	12.113	12.499	12.758	13.269	14.211
81.6	-0.3521	10.8934	0.08265	8.53	9.044	9.363	9.539	9.817	10.012	10.308	10.893	11.524	11.883	12.135	12.522	12.782	13.293	14.236
81.7	-0.3521	10.9142	0.08263	8.547	9.062	9.382	9.557	9.836	10.031	10.328	10.914	11.546	11.906	12.158	12.545	12.806	13.318	14.262
81.8	-0.3521	10.935	0.0826	8.564	9.08	9.4	9.576	9.856	10.051	10.348	10.935	11.568	11.928	12.181	12.568	12.829	13.342	14.288
81.9	-0.3521	10.956	0.08258	8.581	9.097	9.418	9.595	9.875	10.07	10.368	10.956	11.59	11.951	12.204	12.592	12.853	13.367	14.315
82	-0.3521	10.9772	0.08255	8.598	9.116	9.437	9.614	9.894	10.09	10.388	10.977	11.612	11.973	12.227	12.616	12.878	13.392	14.341
82.1	-0.3521	10.9985	0.08252	8.615	9.134	9.456	9.633	9.914	10.11	10.409	10.999	11.634	11.996	12.25	12.64	12.902	13.417	14.367
82.2	-0.3521	11.0199	0.08249	8.633	9.152	9.475	9.652	9.933	10.13	10.429	11.02	11.657	12.019	12.273	12.664	12.926	13.442	14.394
82.3	-0.3521	11.0415	0.08246	8.651	9.171	9.494	9.671	9.953	10.15	10.45	11.042	11.679	12.042	12.297	12.688	12.951	13.467	14.42
82.4	-0.3521	11.0632	0.08244	8.668	9.189	9.513	9.691	9.973	10.17	10.47	11.063	11.702	12.066	12.321	12.712	12.976	13.493	14.448
82.5	-0.3521	11.0851	0.08241	8.686	9.208	9.532	9.71	9.993	10.19	10.491	11.085	11.725	12.089	12.345	12.737	13.001	13.519	14.475
82.6	-0.3521	11.1071	0.08238	8.704	9.227	9.552	9.73	10.013	10.211	10.512	11.107	11.748	12.113	12.369	12.761	13.026	13.545	14.502
82.7	-0.3521	11.1293	0.08235	8.722	9.246	9.571	9.75	10.034	10.232	10.534	11.129	11.771	12.137	12.393	12.786	13.051	13.571	14.53
82.8	-0.3521	11.1516	0.08231	8.741	9.265	9.591	9.77	10.054	10.253	10.555	11.152	11.795	12.161	12.417	12.811	13.076	13.597	14.557
82.9	-0.3521	11.174	0.08228	8.759	9.285	9.611	9.79	10.075	10.273	10.576	11.174	11.818	12.185	12.442	12.836	13.101	13.623	14.585
83	-0.3521	11.1966	0.08225	8.777	9.304	9.631	9.81	10.096	10.295	10.598	11.197	11.842	12.209	12.466	12.861	13.127	13.649	14.613
83.1	-0.3521	11.2193	0.08222	8.796	9.323	9.651	9.831	10.117	10.316	10.62	11.219	11.866	12.233	12.491	12.887	13.153	13.676	14.641
83.2	-0.3521	11.2422	0.08219	8.815	9.343	9.671	9.851	10.138	10.337	10.642	11.242	11.89	12.258	12.516	12.912	13.179	13.703	14.669
83.3	-0.3521	11.2651	0.08215	8.834	9.363	9.692	9.872	10.159	10.359	10.664	11.265	11.913	12.282	12.541	12.938	13.205	13.73	14.697
83.4	-0.3521	11.2882	0.08212	8.852	9.383	9.712	9.893	10.18	10.38	10.686	11.288	11.938	12.307	12.566	12.964	13.231	13.757	14.726
83.5	-0.3521	11.3114	0.08209	8.871	9.403	9.732	9.913	10.201	10.402	10.708	11.311	11.962	12.332	12.591	12.99	13.257	13.784	14.754
83.6	-0.3521	11.3347	0.08205	8.891	9.423	9.753	9.935	10.223	10.424	10.73	11.335	11.986	12.357	12.617	13.016	13.284	13.811	14.783
83.7	-0.3521	11.3581	0.08202	8.91	9.443	9.774	9.956	10.244	10.445	10.753	11.358	12.011	12.382	12.642	13.042	13.31	13.838	14.812
83.8	-0.3521	11.3817	0.08198	8.929	9.463	9.795	9.977	10.266	10.468	10.775	11.382	12.035	12.407	12.668	13.068	13.337	13.866	14.841
83.9	-0.3521	11.4053	0.08195	8.949	9.484	9.816	9.998	10.288	10.49	10.798	11.405	12.06	12.432	12.694	13.094	13.364	13.894	14.87
84	-0.3521	11.429	0.08191	8.968	9.504	9.837	10.019	10.31	10.512	10.82	11.429	12.085	12.458	12.719	13.121	13.391	13.921	14.899
84.1	-0.3521	11.4529	0.08188	8.988	9.525	9.858	10.041	10.332	10.534	10.843	11.453	12.11	12.483	12.745	13.147	13.418	13.949	14.928
84.2	-0.3521	11.4768	0.08184	9.007	9.545	9.879	10.062	10.354	10.557	10.866	11.477	12.135	12.509	12.771	13.174	13.445	13.977	14.957
84.3	-0.3521	11.5007	0.08181	9.027	9.566	9.9	10.084	10.376	10.579	10.889	11.501	12.16	12.535	12.797	13.201	13.472	14.005	14.987
84.4	-0.3521	11.5248	0.08177	9.047	9.587	9.922	10.106	10.398	10.601	10.912	11.525	12.185	12.56	12.823	13.227	13.499	14.033	15.016
84.5	-0.3521	11.549	0.08174	9.067	9.607	9.943	10.127	10.42	10.624	10.935	11.549	12.21	12.586	12.85	13.254	13.527	14.061	15.046
84.6	-0.3521	11.5732	0.0817	9.087	9.628	9.965	10.149	10.442	10.647	10.958	11.573	12.235	12.612	12.876	13.281	13.554	14.089	15.076
84.7	-0.3521	11.5975	0.08166	9.107	9.649	9.986	10.171	10.465	10.67	10.982	11.598	12.261	12.638	12.902	13.308	13.581	14.117	15.106
84.8	-0.3521	11.6218	0.08163	9.127	9.67	10.008	10.193	10.487	10.692	11.005	11.622	12.286	12.664	12.929	13.335	13.609	14.146	15.136
84.9	-0.3521	11.6462	0.08159	9.147	9.691	10.029	10.215	10.51	10.715	11.028	11.646	12.312	12.69	12.955	13.363	13.636	14.174	15.165
85	-0.3521	11.6707	0.08156	9.167	9.712	10.051	10.237	10.532	10.738	11.052	11.671	12.337	12.716	12.982	13.39	13.664	14.203	15.196
85.1	-0.3521	11.6952	0.08152	9.187	9.734	10.073	10.259	10.555	10.761	11.075	11.695	12.363	12.743	13.009	13.417	13.692	14.231	15.226
85.2	-0.3521	11.7198	0.08148	9.208	9.755	10.095	10.281	10.578	10.784	11.099	11.72	12.389	12.769	13.035	13.444	13.719	14.26	15.256
85.3	-0.3521	11.7444	0.08145	9.228	9.776	10.117	10.303	10.6	10.807	11.122	11.744	12.414	12.795	13.062	13.472	13.747	14.289	15.286
85.4	-0.3521	11.769	0.08141	9.248	9.798	10.138	10.326	10.623	10.83	11.146	11.769	12.44	12.822	13.089	13.499	13.775	14.317	15.316
85.5	-0.3521	11.7937	0.08138	9.268	9.819	10.16	10.348	10.646	10.853	11.17	11.794	12.466	12.848	13.116	13.527	13.803	14.346	15.346
85.6	-0.3521	11.8184	0.08134	9.289	9.84	10.182	10.37	10.668	10.876	11.193	11.818	12.492	12.874	13.143	13.554	13.831	14.375	15.377
85.7	-0.3521	11.8431	0.08131	9.309	9.861	10.204	10.392	10.691	10.899	11.217	11.843	12.517	12.901	13.17	13.582	13.859	14.404	15.407
85.8	-0.3521	11.8678	0.08128	9.329	9.883	10.226	10.414	10.714	10.922	11.241	11.868	12.543	12.927	13.196	13.61	13.887	14.433	15.438
85.9	-0.3521	11.8926	0.08124	9.35	9.904	10.248	10.437	10.737	10.946	11.264	11.893	12.569	12.954	13.223	13.637	13.915	14.462	15.468
86	-0.3521	11.9173	0.08121	9.37	9.925	10.27	10.459	10.759	10.969	11.288	11.917	12.595	12.98	13.25	13.665	13.943	14.49	15.498
86.1	-0.3521	11.9421	0.08118	9.39	9.947	10.292	10.481	10.782	10.992	11.312	11.942	12.621	13.007	13.277	13.692	13.971	14.52	15.529
86.2	-0.3521	11.9668	0.08114	9.411	9.968	10.314	10.504	10.805	11.015	11.335	11.967	12.647	13.033	13.304	13.72	13.999	14.548	15.559
86.3	-0.3521	11.9916	0.08111	9.431	9.989	10.336	10.526	10.828	11.038	11.359	11.992	12.673	13.06	13.331	13.747	14.027	14.577	15.59
86.4	-0.3521	12.0163	0.08108	9.451	10.011	10.358	10.548	10.851	11.061	11.383	12.016	12.699	13.086	13.358	13.775	14.055	14.606	15.62
86.5	-0.3521	12.0411	0.08105	9.472	10.032	10.38	10.57	10.873	11.084	11.406	12.041	12.724	13.113	13.385	13.803	14.084	14.635	15.651
86.6	-0.3521	12.0658	0.08102	9.492	10.053	10.401	10.592	10.896	11.108	11.43	12.066	12.75	13.139	13.412	13.83	14.112	14.664	15.681
86.7	-0.3521	12.0905	0.08099	9.512	10.074	10.423	10.615	10.919	11.131	11.454	12.091	12.776	13.166	13.439	13.858	14.14	14.693	15.712
86.8	-0.3521	12.1152	0.08096	9.532	10.096	10.445	10.637	10.941	11.154	11.477	12.115	12.802	13.192	13.466	13.886	14.168	14.722	15.742
86.9	-0.3521	12.1398	0.08093	9.552	10.117	10.467	10.659	10.964	11.177	11.501	12.14	12.828	13.219	13.493	13.913	14.196	14.751	15.773
87	-0.3521	12.1645	0.0809	9.573	10.138	10.489	10.681	10.987	11.2	11.524	12.165	12.854	13.245	13.52	13.941	14.224	14.78	15.803
87.1	-0.3521	12.1891	0.08087	9.593	10.159	10.511	10.703	11.009	11.223	11.548	12.189	12.879	13.272	13.546	13.968	14.252	14.808	15.834
87.2	-0.3521	12.2136	0.08084	9.613	10.18	10.532	10.725	11.032	11.246	11.571	12.214	12.905	13.298	13.573	13.995	14.279	14.837	15.864
87.3	-0.3521	12.2382	0.08082	9.633	10.201	10.554	10.747	11.054	11.268	11.595	12.238	12.931	13.324	13.6	14.023	14.308	14.866	15.895
87.4	-0.3521	12.2627	0.08079	9.653	10.222	10.575	10.769	11.077	11.291	11.618	12.263	12.956	13.351	13.627	14.051	14.335	14.895	15.925
87.5	-0.3521	12.2871	0.08076	9.673	10.243	10.597	10.791	11.099	11.314	11.642	12.287	12.982	13.377	13.653	14.078	14.363	14.923	15.955
87.6	-0.3521	12.3116	0.08074	9.693	10.264	10.619	10.813	11.122	11.337	11.665	12.312	13.008	13.403	13.68	14.105	14.391	14.952	15.986
87.7	-0.3521	12.336	0.08071	9.713	10.285	10.64	10.835	11.144	11.36	11.688	12.336	13.033	13.429	13.707	14.133	14.419	14.981	16.016
87.8	-0.3521	12.3603	0.08069	9.733	10.306	10.662	10.857	11.167	11.382	11.712	12.36	13.059	13.455	13.733	14.16	14.447	15.01	16.046
87.9	-0.3521	12.3846	0.08067	9.752	10.327	10.683	10.878	11.189	11.405	11.735	12.385	13.084	13.481	13.76	14.187	14.474	15.038	16.077
88	-0.3521	12.4089	0.08064	9.772	10.348	10.704	10.9	11.211	11.428	11.758	12.409	13.109	13.508	13.786	14.214	14.502	15.067	16.107
88.1	-0.3521	12.4332	0.08062	9.792	10.368	10.726	10.922	11.233	11.45	11.781	12.433	13.135	13.534	13.813	14.242	14.53	15.096	16.137
88.2	-0.3521	12.4574	0.0806	9.812	10.389	10.747	10.943	11.255	11.473	11.804	12.457	13.16	13.56	13.84	14.269	14.557	15.124	16.167
88.3	-0.3521	12.4815	0.08058	9.831	10.409	10.768	10.965	11.278	11.495	11.827	12.482	13.186	13.586	13.866	14.296	14.585	15.153	16.198
88.4	-0.3521	12.5057	0.08056	9.851	10.43	10.789	10.987	11.3	11.518	11.85	12.506	13.211	13.612	13.893	14.323	14.613	15.181	16.228
88.5	-0.3521	12.5298	0.08054	9.87	10.451	10.811	11.008	11.322	11.54	11.873	12.53	13.236	13.638	13.919	14.35	14.64	15.21	16.258
88.6	-0.3521	12.5538	0.08052	9.89	10.471	10.832	11.03	11.344	11.563	11.896	12.554	13.261	13.663	13.945	14.377	14.668	15.238	16.288
88.7	-0.3521	12.5778	0.0805	9.909	10.492	10.853	11.051	11.366	11.585	11.919	12.578	13.287	13.689	13.971	14.404	14.695	15.267	16.318
88.8	-0.3521	12.6017	0.08048	9.929	10.512	10.874	11.072	11.388	11.607	11.942	12.602	13.312	13.715	13.998	14.431	14.723	15.295	16.348
88.9	-0.3521	12.6257	0.08047	9.948	10.532	10.895	11.094	11.409	11.629	11.965	12.626	13.337	13.741	14.024	14.458	14.75	15.324	16.379
89	-0.3521	12.6495	0.08045	9.967	10.553	10.916	11.115	11.431	11.652	11.988	12.65	13.362	13.767	14.05	14.485	14.778	15.352	16.408
89.1	-0.3521	12.6734	0.08044	9.986	10.573	10.937	11.136	11.453	11.674	12.01	12.673	13.387	13.792	14.077	14.512	14.805	15.38	16.439
89.2	-0.3521	12.6972	0.08042	10.006	10.593	10.957	11.157	11.475	11.696	12.033	12.697	13.412	13.818	14.103	14.539	14.832	15.408	16.469
89.3	-0.3521	12.7209	0.08041	10.025	10.613	10.978	11.178	11.496	11.718	12.056	12.721	13.437	13.844	14.129	14.566	14.86	15.437	16.499
89.4	-0.3521	12.7446	0.08039	10.044	10.633	10.999	11.199	11.518	11.74	12.078	12.745	13.462	13.869	14.155	14.593	14.887	15.465	16.528
89.5	-0.3521	12.7683	0.08038	10.063	10.653	11.02	11.22	11.54	11.762	12.101	12.768	13.487	13.895	14.181	14.619	14.914	15.493	16.558
89.6	-0.3521	12.792	0.08037	10.082	10.673	11.04	11.241	11.561	11.784	12.123	12.792	13.512	13.921	14.207	14.646	14.942	15.522	16.589
89.7	-0.3521	12.8156	0.08035	10.101	10.693	11.061	11.263	11.583	11.806	12.146	12.816	13.536	13.946	14.233	14.673	14.969	15.549	16.618
89.8	-0.3521	12.8392	0.08034	10.12	10.713	11.082	11.283	11.604	11.828	12.168	12.839	13.561	13.971	14.259	14.7	14.996	15.578	16.648
89.9	-0.3521	12.8628	0.08033	10.139	10.733	11.102	11.304	11.626	11.849	12.191	12.863	13.586	13.997	14.285	14.726	15.023	15.606	16.678
90	-0.3521	12.8864	0.08032	10.158	10.753	11.123	11.325	11.647	11.871	12.213	12.886	13.611	14.023	14.311	14.753	15.05	15.634	16.708
90.1	-0.3521	12.9099	0.08031	10.176	10.773	11.143	11.346	11.669	11.893	12.235	12.91	13.636	14.048	14.337	14.78	15.078	15.662	16.738
90.2	-0.3521	12.9334	0.0803	10.195	10.793	11.164	11.367	11.69	11.915	12.258	12.933	13.66	14.073	14.363	14.806	15.105	15.69	16.768
90.3	-0.3521	12.9569	0.0803	10.214	10.813	11.184	11.388	11.711	11.936	12.28	12.957	13.685	14.099	14.389	14.833	15.132	15.719	16.799
90.4	-0.3521	12.9804	0.08029	10.233	10.832	11.204	11.408	11.733	11.958	12.302	12.98	13.71	14.124	14.415	14.86	15.159	15.747	16.828
90.5	-0.3521	13.0038	0.08028	10.251	10.852	11.225	11.429	11.754	11.98	12.325	13.004	13.735	14.15	14.44	14.887	15.186	15.775	16.858
90.6	-0.3521	13.0273	0.08027	10.27	10.872	11.245	11.45	11.775	12.002	12.347	13.027	13.759	14.175	14.466	14.913	15.213	15.803	16.888
90.7	-0.3521	13.0507	0.08027	10.289	10.892	11.266	11.471	11.796	12.023	12.369	13.051	13.784	14.201	14.492	14.94	15.241	15.831	16.918
90.8	-0.3521	13.0742	0.08026	10.307	10.911	11.286	11.491	11.818	12.045	12.392	13.074	13.809	14.226	14.518	14.967	15.268	15.86	16.948
90.9	-0.3521	13.0976	0.08026	10.326	10.931	11.306	11.512	11.839	12.067	12.414	13.098	13.833	14.251	14.544	14.993	15.295	15.888	16.979
91	-0.3521	13.1209	0.08025	10.344	10.951	11.327	11.533	11.86	12.088	12.436	13.121	13.858	14.277	14.57	15.02	15.322	15.916	17.008
91.1	-0.3521	13.1443	0.08025	10.363	10.97	11.347	11.553	11.881	12.11	12.458	13.144	13.883	14.302	14.596	15.047	15.349	15.944	17.039
91.2	-0.3521	13.1677	0.08025	10.381	10.99	11.367	11.574	11.902	12.131	12.48	13.168	13.907	14.328	14.622	15.073	15.377	15.973	17.069
91.3	-0.3521	13.191	0.08025	10.4	11.009	11.387	11.594	11.923	12.153	12.502	13.191	13.932	14.353	14.648	15.1	15.404	16.001	17.099
91.4	-0.3521	13.2143	0.08025	10.418	11.029	11.407	11.615	11.945	12.174	12.524	13.214	13.957	14.378	14.674	15.127	15.431	16.029	17.129
91.5	-0.3521	13.2376	0.08024	10.437	11.048	11.427	11.635	11.966	12.196	12.547	13.238	13.981	14.403	14.699	15.153	15.458	16.057	17.159
91.6	-0.3521	13.2609	0.08024	10.455	11.068	11.448	11.656	11.987	12.217	12.569	13.261	14.006	14.429	14.725	15.18	15.485	16.085	17.189
91.7	-0.3521	13.2842	0.08024	10.473	11.087	11.468	11.676	12.008	12.239	12.591	13.284	14.03	14.454	14.751	15.207	15.513	16.114	17.219
91.8	-0.3521	13.3075	0.08025	10.492	11.106	11.488	11.697	12.029	12.26	12.613	13.308	14.055	14.48	14.777	15.233	15.54	16.142	17.25
91.9	-0.3521	13.3308	0.08025	10.51	11.126	11.508	11.717	12.05	12.282	12.635	13.331	14.08	14.505	14.803	15.26	15.567	16.17	17.28
92	-0.3521	13.3541	0.08025	10.528	11.145	11.528	11.738	12.071	12.303	12.657	13.354	14.104	14.53	14.829	15.287	15.594	16.199	17.311
92.1	-0.3521	13.3773	0.08025	10.547	11.165	11.548	11.758	12.092	12.324	12.679	13.377	14.129	14.556	14.855	15.313	15.622	16.227	17.341
92.2	-0.3521	13.4006	0.08026	10.565	11.184	11.568	11.778	12.113	12.346	12.701	13.401	14.153	14.581	14.881	15.34	15.649	16.256	17.371
92.3	-0.3521	13.4239	0.08026	10.583	11.203	11.588	11.799	12.134	12.367	12.723	13.424	14.178	14.606	14.907	15.367	15.676	16.284	17.402
92.4	-0.3521	13.4472	0.08027	10.601	11.222	11.608	11.819	12.155	12.389	12.745	13.447	14.203	14.632	14.933	15.394	15.704	16.312	17.432
92.5	-0.3521	13.4705	0.08027	10.619	11.242	11.628	11.84	12.176	12.41	12.767	13.471	14.227	14.657	14.959	15.421	15.731	16.341	17.463
92.6	-0.3521	13.4937	0.08028	10.637	11.261	11.648	11.86	12.197	12.431	12.789	13.494	14.252	14.683	14.984	15.447	15.758	16.369	17.493
92.7	-0.3521	13.5171	0.08028	10.656	11.281	11.668	11.88	12.218	12.453	12.811	13.517	14.277	14.708	15.01	15.474	15.786	16.398	17.524
92.8	-0.3521	13.5404	0.08029	10.674	11.3	11.688	11.901	12.239	12.474	12.833	13.54	14.301	14.734	15.037	15.501	15.813	16.426	17.554
92.9	-0.3521	13.5637	0.0803	10.692	11.319	11.708	11.921	12.26	12.495	12.855	13.564	14.326	14.759	15.063	15.528	15.841	16.455	17.585
93	-0.3521	13.587	0.08031	10.71	11.338	11.728	11.941	12.281	12.517	12.877	13.587	14.351	14.785	15.089	15.555	15.868	16.484	17.616
93.1	-0.3521	13.6104	0.08032	10.728	11.357	11.748	11.962	12.302	12.538	12.899	13.61	14.376	14.81	15.115	15.582	15.896	16.512	17.647
93.2	-0.3521	13.6338	0.08033	10.746	11.377	11.768	11.982	12.323	12.56	12.921	13.634	14.4	14.836	15.141	15.609	15.924	16.541	17.678
93.3	-0.3521	13.6572	0.08034	10.765	11.396	11.788	12.002	12.343	12.581	12.943	13.657	14.425	14.862	15.167	15.636	15.951	16.57	17.709
93.4	-0.3521	13.6806	0.08035	10.783	11.415	11.808	12.023	12.364	12.603	12.966	13.681	14.45	14.887	15.193	15.663	15.979	16.599	17.74
93.5	-0.3521	13.7041	0.08036	10.801	11.435	11.828	12.043	12.386	12.624	12.988	13.704	14.475	14.913	15.22	15.69	16.007	16.628	17.771
93.6	-0.3521	13.7275	0.08037	10.819	11.454	11.848	12.064	12.407	12.645	13.01	13.728	14.5	14.939	15.246	15.717	16.034	16.657	17.802
93.7	-0.3521	13.751	0.08038	10.837	11.473	11.868	12.084	12.428	12.667	13.032	13.751	14.525	14.964	15.272	15.745	16.062	16.686	17.833
93.8	-0.3521	13.7746	0.0804	10.855	11.492	11.888	12.104	12.449	12.689	13.054	13.775	14.55	14.99	15.299	15.772	16.09	16.715	17.865
93.9	-0.3521	13.7981	0.08041	10.873	11.512	11.908	12.125	12.47	12.71	13.076	13.798	14.575	15.016	15.325	15.799	16.118	16.744	17.896
94	-0.3521	13.8217	0.08043	10.891	11.531	11.928	12.145	12.491	12.732	13.099	13.822	14.6	15.042	15.352	15.827	16.146	16.773	17.928
94.1	-0.3521	13.8454	0.08044	10.91	11.55	11.948	12.166	12.512	12.753	13.121	13.845	14.625	15.068	15.378	15.854	16.174	16.803	17.959
94.2	-0.3521	13.8691	0.08046	10.928	11.57	11.968	12.186	12.533	12.775	13.143	13.869	14.65	15.094	15.405	15.882	16.203	16.832	17.991
94.3	-0.3521	13.8928	0.08047	10.946	11.589	11.988	12.207	12.554	12.796	13.166	13.893	14.675	15.12	15.432	15.909	16.231	16.861	18.022
94.4	-0.3521	13.9165	0.08049	10.964	11.609	12.008	12.227	12.576	12.818	13.188	13.917	14.701	15.146	15.458	15.937	16.259	16.891	18.054
94.5	-0.3521	13.9403	0.08051	10.982	11.628	12.028	12.248	12.597	12.84	13.21	13.94	14.726	15.172	15.485	15.965	16.287	16.921	18.086
94.6	-0.3521	13.9642	0.08052	11.001	11.648	12.049	12.269	12.618	12.862	13.233	13.964	14.751	15.199	15.512	15.993	16.316	16.95	18.118
94.7	-0.3521	13.9881	0.08054	11.019	11.667	12.069	12.289	12.639	12.883	13.255	13.988	14.777	15.225	15.539	16.021	16.344	16.98	18.15
94.8	-0.3521	14.012	0.08056	11.037	11.686	12.089	12.31	12.661	12.905	13.278	14.012	14.802	15.251	15.566	16.048	16.373	17.01	18.182
94.9	-0.3521	14.036	0.08058	11.056	11.706	12.109	12.331	12.682	12.927	13.3	14.036	14.828	15.278	15.593	16.077	16.402	17.04	18.215
95	-0.3521	14.06	0.0806	11.074	11.725	12.13	12.351	12.703	12.949	13.323	14.06	14.853	15.304	15.62	16.105	16.43	17.07	18.247
95.1	-0.3521	14.0841	0.08062	11.092	11.745	12.15	12.372	12.725	12.971	13.346	14.084	14.879	15.331	15.647	16.133	16.459	17.1	18.28
95.2	-0.3521	14.1083	0.08064	11.111	11.765	12.17	12.393	12.746	12.993	13.368	14.108	14.905	15.357	15.674	16.161	16.488	17.13	18.312
95.3	-0.3521	14.1325	0.08067	11.129	11.784	12.191	12.414	12.768	13.015	13.391	14.133	14.931	15.384	15.702	16.19	16.517	17.161	18.346
95.4	-0.3521	14.1567	0.08069	11.147	11.804	12.211	12.434	12.789	13.037	13.414	14.157	14.956	15.411	15.729	16.218	16.546	17.191	18.378
95.5	-0.3521	14.1811	0.08071	11.166	11.824	12.232	12.456	12.811	13.059	13.437	14.181	14.982	15.438	15.757	16.246	16.575	17.222	18.411
95.6	-0.3521	14.2055	0.08073	11.184	11.843	12.252	12.477	12.833	13.081	13.46	14.206	15.008	15.465	15.784	16.275	16.605	17.252	18.444
95.7	-0.3521	14.2299	0.08076	11.203	11.863	12.273	12.497	12.854	13.103	13.482	14.23	15.034	15.492	15.812	16.304	16.634	17.283	18.478
95.8	-0.3521	14.2544	0.08078	11.221	11.883	12.293	12.519	12.876	13.125	13.505	14.254	15.061	15.519	15.84	16.332	16.663	17.314	18.511
95.9	-0.3521	14.279	0.08081	11.24	11.903	12.314	12.54	12.898	13.148	13.529	14.279	15.087	15.546	15.868	16.361	16.693	17.345	18.545
96	-0.3521	14.3037	0.08083	11.258	11.923	12.335	12.561	12.92	13.17	13.552	14.304	15.113	15.573	15.896	16.39	16.723	17.376	18.578
96.1	-0.3521	14.3284	0.08086	11.277	11.942	12.355	12.582	12.942	13.193	13.575	14.328	15.14	15.601	15.924	16.419	16.753	17.407	18.612
96.2	-0.3521	14.3533	0.08089	11.296	11.962	12.376	12.603	12.964	13.215	13.598	14.353	15.166	15.628	15.952	16.449	16.783	17.439	18.646
96.3	-0.3521	14.3782	0.08092	11.314	11.982	12.397	12.624	12.986	13.238	13.622	14.378	15.193	15.656	15.98	16.478	16.813	17.47	18.68
96.4	-0.3521	14.4031	0.08094	11.333	12.003	12.418	12.646	13.008	13.26	13.645	14.403	15.219	15.683	16.008	16.507	16.843	17.501	18.714
96.5	-0.3521	14.4282	0.08097	11.352	12.023	12.439	12.667	13.03	13.283	13.668	14.428	15.246	15.711	16.037	16.537	16.873	17.533	18.749
96.6	-0.3521	14.4533	0.081	11.371	12.043	12.46	12.689	13.052	13.306	13.692	14.453	15.273	15.739	16.065	16.566	16.903	17.565	18.783
96.7	-0.3521	14.4785	0.08103	11.39	12.063	12.481	12.71	13.075	13.328	13.716	14.479	15.3	15.767	16.094	16.596	16.934	17.597	18.818
96.8	-0.3521	14.5038	0.08106	11.408	12.083	12.502	12.732	13.097	13.351	13.739	14.504	15.327	15.795	16.123	16.626	16.964	17.629	18.853
96.9	-0.3521	14.5292	0.08109	11.427	12.104	12.523	12.754	13.119	13.374	13.763	14.529	15.354	15.823	16.152	16.656	16.995	17.661	18.887
97	-0.3521	14.5547	0.08112	11.447	12.124	12.545	12.775	13.142	13.397	13.787	14.555	15.381	15.851	16.181	16.686	17.026	17.693	18.923
97.1	-0.3521	14.5802	0.08116	11.465	12.144	12.566	12.797	13.164	13.42	13.811	14.58	15.409	15.88	16.21	16.717	17.057	17.726	18.958
97.2	-0.3521	14.6058	0.08119	11.484	12.165	12.587	12.819	13.187	13.443	13.835	14.606	15.436	15.908	16.239	16.747	17.088	17.759	18.993
97.3	-0.3521	14.6316	0.08122	11.504	12.186	12.609	12.841	13.21	13.467	13.859	14.632	15.464	15.937	16.268	16.777	17.119	17.791	19.029
97.4	-0.3521	14.6574	0.08125	11.523	12.206	12.63	12.863	13.233	13.49	13.883	14.657	15.491	15.965	16.298	16.808	17.15	17.824	19.064
97.5	-0.3521	14.6832	0.08129	11.542	12.227	12.652	12.885	13.255	13.513	13.907	14.683	15.519	15.994	16.327	16.838	17.182	17.857	19.101
97.6	-0.3521	14.7092	0.08132	11.561	12.248	12.673	12.907	13.278	13.537	13.931	14.709	15.547	16.023	16.357	16.869	17.213	17.89	19.136
97.7	-0.3521	14.7353	0.08136	11.581	12.268	12.695	12.929	13.301	13.56	13.956	14.735	15.575	16.052	16.387	16.9	17.245	17.924	19.173
97.8	-0.3521	14.7614	0.08139	11.6	12.289	12.717	12.951	13.324	13.584	13.98	14.761	15.603	16.081	16.416	16.931	17.277	17.957	19.209
97.9	-0.3521	14.7877	0.08143	11.62	12.31	12.739	12.974	13.347	13.608	14.005	14.788	15.631	16.111	16.447	16.962	17.309	17.99	19.246
98	-0.3521	14.814	0.08146	11.639	12.331	12.76	12.996	13.37	13.631	14.029	14.814	15.659	16.14	16.476	16.993	17.341	18.024	19.282
98.1	-0.3521	14.8404	0.0815	11.659	12.352	12.782	13.018	13.394	13.655	14.054	14.84	15.687	16.169	16.507	17.025	17.373	18.058	19.319
98.2	-0.3521	14.8669	0.08154	11.678	12.373	12.804	13.041	13.417	13.679	14.079	14.867	15.716	16.199	16.537	17.056	17.406	18.092	19.356
98.3	-0.3521	14.8934	0.08157	11.698	12.394	12.826	13.063	13.44	13.703	14.104	14.893	15.744	16.228	16.567	17.088	17.438	18.125	19.392
98.4	-0.3521	14.9201	0.08161	11.718	12.415	12.848	13.086	13.464	13.727	14.128	14.92	15.773	16.258	16.598	17.12	17.47	18.16	19.43
98.5	-0.3521	14.9468	0.08165	11.737	12.436	12.871	13.109	13.487	13.751	14.153	14.947	15.802	16.288	16.628	17.151	17.503	18.194	19.467
98.6	-0.3521	14.9736	0.08169	11.757	12.458	12.893	13.131	13.511	13.775	14.178	14.974	15.83	16.318	16.659	17.183	17.536	18.228	19.505
98.7	-0.3521	15.0005	0.08173	11.777	12.479	12.915	13.154	13.534	13.799	14.203	15.001	15.859	16.348	16.69	17.215	17.569	18.263	19.543
98.8	-0.3521	15.0275	0.08177	11.797	12.5	12.937	13.177	13.558	13.824	14.229	15.028	15.888	16.378	16.721	17.248	17.602	18.298	19.58
98.9	-0.3521	15.0546	0.08181	11.817	12.522	12.96	13.2	13.582	13.848	14.254	15.055	15.917	16.408	16.752	17.28	17.635	18.333	19.618
99	-0.3521	15.0818	0.08185	11.837	12.543	12.982	13.223	13.606	13.872	14.279	15.082	15.946	16.438	16.783	17.312	17.668	18.368	19.656
99.1	-0.3521	15.109	0.08189	11.857	12.565	13.005	13.246	13.63	13.897	14.305	15.109	15.976	16.469	16.814	17.345	17.701	18.402	19.695
99.2	-0.3521	15.1363	0.08194	11.876	12.586	13.027	13.269	13.653	13.921	14.33	15.136	16.005	16.499	16.846	17.378	17.735	18.438	19.733
99.3	-0.3521	15.1637	0.08198	11.896	12.608	13.05	13.292	13.677	13.946	14.356	15.164	16.035	16.53	16.877	17.41	17.769	18.473	19.772
99.4	-0.3521	15.1912	0.08202	11.917	12.63	13.072	13.315	13.701	13.971	14.381	15.191	16.064	16.561	16.909	17.443	17.802	18.509	19.81
99.5	-0.3521	15.2187	0.08206	11.937	12.651	13.095	13.339	13.726	13.995	14.407	15.219	16.094	16.591	16.94	17.476	17.836	18.544	19.849
99.6	-0.3521	15.2463	0.08211	11.957	12.673	13.118	13.362	13.75	14.02	14.433	15.246	16.123	16.622	16.972	17.509	17.87	18.58	19.888
99.7	-0.3521	15.274	0.08215	11.977	12.695	13.141	13.385	13.774	14.045	14.458	15.274	16.153	16.653	17.004	17.542	17.904	18.616	19.927
99.8	-0.3521	15.3018	0.0822	11.997	12.717	13.163	13.408	13.798	14.07	14.484	15.302	16.183	16.684	17.036	17.575	17.938	18.652	19.967
99.9	-0.3521	15.3297	0.08224	12.018	12.739	13.186	13.432	13.823	14.095	14.51	15.33	16.213	16.715	17.068	17.609	17.972	18.688	20.006
100	-0.3521	15.3576	0.08229	12.038	12.76	13.209	13.455	13.847	14.12	14.536	15.358	16.243	16.747	17.1	17.642	18.007	18.724	20.046
100.1	-0.3521	15.3856	0.08233	12.059	12.783	13.232	13.479	13.871	14.145	14.562	15.386	16.273	16.778	17.132	17.676	18.041	18.76	20.085
100.2	-0.3521	15.4137	0.08238	12.079	12.805	13.255	13.503	13.896	14.17	14.588	15.414	16.303	16.81	17.164	17.709	18.076	18.797	20.125
100.3	-0.3521	15.4419	0.08243	12.099	12.827	13.278	13.526	13.921	14.195	14.615	15.442	16.334	16.841	17.197	17.743	18.111	18.833	20.165
100.4	-0.3521	15.4701	0.08247	12.12	12.849	13.302	13.55	13.945	14.221	14.641	15.47	16.364	16.873	17.229	17.777	18.145	18.87	20.205
100.5	-0.3521	15.4985	0.08252	12.14	12.871	13.325	13.574	13.97	14.246	14.667	15.499	16.395	16.905	17.262	17.811	18.18	18.907	20.245
100.6	-0.3521	15.5268	0.08257	12.161	12.893	13.348	13.598	13.995	14.271	14.694	15.527	16.425	16.936	17.295	17.845	18.215	18.943	20.286
100.7	-0.3521	15.5553	0.08262	12.181	12.915	13.371	13.622	14.019	14.297	14.72	15.555	16.456	16.968	17.328	17.88	18.251	18.981	20.327
100.8	-0.3521	15.5838	0.08267	12.202	12.938	13.395	13.645	14.044	14.322	14.747	15.584	16.487	17	17.361	17.914	18.286	19.018	20.367
100.9	-0.3521	15.6125	0.08272	12.223	12.96	13.418	13.67	14.069	14.348	14.773	15.613	16.518	17.033	17.394	17.948	18.321	19.055	20.408
101	-0.3521	15.6412	0.08277	12.244	12.983	13.442	13.694	14.094	14.374	14.8	15.641	16.548	17.065	17.427	17.983	18.357	19.093	20.449
101.1	-0.3521	15.6699	0.08281	12.265	13.005	13.465	13.718	14.119	14.399	14.827	15.67	16.579	17.097	17.46	18.017	18.392	19.129	20.49
101.2	-0.3521	15.6987	0.08287	12.285	13.027	13.489	13.742	14.144	14.425	14.853	15.699	16.61	17.129	17.493	18.052	18.428	19.168	20.531
101.3	-0.3521	15.7276	0.08292	12.306	13.05	13.512	13.766	14.169	14.451	14.88	15.728	16.642	17.162	17.527	18.087	18.464	19.205	20.573
101.4	-0.3521	15.7566	0.08297	12.327	13.073	13.536	13.79	14.195	14.477	14.907	15.757	16.673	17.194	17.56	18.122	18.5	19.243	20.614
101.5	-0.3521	15.7857	0.08302	12.348	13.095	13.56	13.815	14.22	14.503	14.934	15.786	16.704	17.227	17.594	18.157	18.536	19.281	20.656
101.6	-0.3521	15.8148	0.08307	12.369	13.118	13.583	13.839	14.245	14.529	14.961	15.815	16.736	17.26	17.627	18.192	18.572	19.319	20.697
101.7	-0.3521	15.844	0.08312	12.39	13.141	13.607	13.864	14.271	14.555	14.988	15.844	16.767	17.292	17.661	18.227	18.608	19.357	20.739
101.8	-0.3521	15.8732	0.08317	12.411	13.164	13.631	13.888	14.296	14.581	15.015	15.873	16.799	17.325	17.695	18.262	18.644	19.395	20.781
101.9	-0.3521	15.9026	0.08322	12.432	13.187	13.655	13.913	14.322	14.607	15.043	15.903	16.83	17.358	17.729	18.298	18.681	19.433	20.823
102	-0.3521	15.932	0.08328	12.453	13.209	13.679	13.937	14.347	14.633	15.07	15.932	16.862	17.392	17.763	18.333	18.717	19.472	20.866
102.1	-0.3521	15.9615	0.08333	12.474	13.232	13.703	13.962	14.373	14.66	15.097	15.962	16.894	17.425	17.797	18.369	18.754	19.511	20.908
102.2	-0.3521	15.991	0.08338	12.496	13.255	13.727	13.986	14.399	14.686	15.125	15.991	16.926	17.458	17.831	18.405	18.79	19.549	20.95
102.3	-0.3521	16.0206	0.08343	12.517	13.278	13.751	14.011	14.424	14.712	15.152	16.021	16.958	17.491	17.865	18.44	18.827	19.588	20.992
102.4	-0.3521	16.0503	0.08349	12.538	13.301	13.775	14.036	14.45	14.739	15.18	16.05	16.99	17.525	17.9	18.476	18.864	19.627	21.036
102.5	-0.3521	16.0801	0.08354	12.56	13.324	13.8	14.061	14.476	14.765	15.207	16.08	17.022	17.558	17.934	18.512	18.901	19.666	21.078
102.6	-0.3521	16.1099	0.08359	12.581	13.348	13.824	14.086	14.502	14.792	15.235	16.11	17.054	17.592	17.969	18.548	18.938	19.705	21.121
102.7	-0.3521	16.1398	0.08365	12.602	13.371	13.848	14.111	14.528	14.819	15.263	16.14	17.086	17.625	18.003	18.584	18.975	19.745	21.164
102.8	-0.3521	16.1697	0.0837	12.624	13.394	13.873	14.136	14.554	14.845	15.291	16.17	17.119	17.659	18.038	18.62	19.012	19.784	21.207
102.9	-0.3521	16.1997	0.08376	12.645	13.417	13.897	14.161	14.58	14.872	15.318	16.2	17.151	17.693	18.073	18.657	19.05	19.823	21.251
103	-0.3521	16.2298	0.08381	12.667	13.441	13.922	14.186	14.606	14.899	15.346	16.23	17.183	17.727	18.108	18.693	19.087	19.863	21.294
103.1	-0.3521	16.26	0.08386	12.689	13.464	13.946	14.211	14.632	14.926	15.374	16.26	17.216	17.761	18.143	18.73	19.125	19.902	21.337
103.2	-0.3521	16.2902	0.08392	12.71	13.487	13.971	14.236	14.658	14.953	15.402	16.29	17.249	17.795	18.178	18.766	19.163	19.942	21.381
103.3	-0.3521	16.3204	0.08397	12.732	13.511	13.995	14.261	14.685	14.98	15.43	16.32	17.281	17.829	18.213	18.803	19.2	19.981	21.424
103.4	-0.3521	16.3508	0.08403	12.753	13.534	14.02	14.287	14.711	15.007	15.458	16.351	17.314	17.863	18.248	18.84	19.238	20.022	21.469
103.5	-0.3521	16.3812	0.08408	12.775	13.558	14.045	14.312	14.737	15.034	15.487	16.381	17.347	17.897	18.283	18.876	19.276	20.061	21.512
103.6	-0.3521	16.4117	0.08414	12.797	13.581	14.069	14.337	14.764	15.061	15.515	16.412	17.38	17.932	18.319	18.914	19.314	20.102	21.557
103.7	-0.3521	16.4422	0.08419	12.819	13.605	14.094	14.363	14.79	15.088	15.543	16.442	17.413	17.966	18.354	18.95	19.352	20.142	21.6
103.8	-0.3521	16.4728	0.08425	12.841	13.629	14.119	14.388	14.817	15.115	15.572	16.473	17.446	18.001	18.39	18.988	19.39	20.182	21.645
103.9	-0.3521	16.5035	0.08431	12.862	13.652	14.144	14.414	14.843	15.143	15.6	16.504	17.479	18.035	18.425	19.025	19.428	20.223	21.69
104	-0.3521	16.5342	0.08436	12.884	13.676	14.169	14.439	14.87	15.17	15.628	16.534	17.512	18.07	18.461	19.062	19.467	20.263	21.734
104.1	-0.3521	16.565	0.08442	12.906	13.7	14.194	14.465	14.896	15.197	15.657	16.565	17.546	18.105	18.497	19.099	19.505	20.304	21.779
104.2	-0.3521	16.5959	0.08447	12.928	13.724	14.219	14.491	14.923	15.225	15.686	16.596	17.579	18.139	18.532	19.137	19.544	20.344	21.823
104.3	-0.3521	16.6268	0.08453	12.95	13.748	14.244	14.516	14.95	15.252	15.714	16.627	17.613	18.174	18.568	19.174	19.582	20.385	21.868
104.4	-0.3521	16.6579	0.08458	12.973	13.772	14.269	14.542	14.977	15.28	15.743	16.658	17.646	18.209	18.604	19.212	19.621	20.426	21.913
104.5	-0.3521	16.6889	0.08464	12.995	13.796	14.294	14.568	15.004	15.308	15.772	16.689	17.68	18.244	18.641	19.25	19.66	20.467	21.958
104.6	-0.3521	16.7201	0.0847	13.017	13.82	14.319	14.594	15.031	15.335	15.801	16.72	17.713	18.28	18.677	19.288	19.699	20.508	22.004
104.7	-0.3521	16.7513	0.08475	13.039	13.844	14.345	14.62	15.058	15.363	15.83	16.751	17.747	18.315	18.713	19.325	19.738	20.549	22.049
104.8	-0.3521	16.7826	0.08481	13.061	13.868	14.37	14.646	15.085	15.391	15.859	16.783	17.781	18.35	18.749	19.363	19.777	20.59	22.094
104.9	-0.3521	16.8139	0.08487	13.083	13.892	14.395	14.672	15.112	15.419	15.887	16.814	17.815	18.385	18.786	19.402	19.816	20.632	22.14
105	-0.3521	16.8454	0.08493	13.106	13.916	14.421	14.698	15.139	15.447	15.917	16.845	17.849	18.421	18.823	19.44	19.856	20.674	22.186
105.1	-0.3521	16.8769	0.08498	13.128	13.941	14.446	14.724	15.166	15.475	15.946	16.877	17.883	18.456	18.859	19.478	19.895	20.715	22.231
105.2	-0.3521	16.9084	0.08504	13.151	13.965	14.472	14.75	15.193	15.503	15.975	16.908	17.917	18.492	18.896	19.516	19.934	20.757	22.277
105.3	-0.3521	16.9401	0.0851	13.173	13.989	14.497	14.777	15.221	15.531	16.004	16.94	17.951	18.528	18.933	19.555	19.974	20.799	22.324
105.4	-0.3521	16.9718	0.08516	13.196	14.014	14.523	14.803	15.248	15.559	16.034	16.972	17.986	18.564	18.97	19.594	20.014	20.841	22.37
105.5	-0.3521	17.0036	0.08521	13.218	14.039	14.549	14.829	15.276	15.587	16.063	17.004	18.02	18.6	19.006	19.632	20.053	20.882	22.416
105.6	-0.3521	17.0355	0.08527	13.241	14.063	14.575	14.856	15.303	15.616	16.093	17.036	18.055	18.636	19.044	19.671	20.093	20.925	22.462
105.7	-0.3521	17.0674	0.08533	13.263	14.088	14.6	14.882	15.331	15.644	16.122	17.067	18.089	18.672	19.081	19.71	20.133	20.967	22.509
105.8	-0.3521	17.0995	0.08539	13.286	14.112	14.626	14.909	15.359	15.672	16.152	17.1	18.124	18.708	19.118	19.749	20.173	21.01	22.556
105.9	-0.3521	17.1316	0.08545	13.309	14.137	14.652	14.935	15.386	15.701	16.181	17.132	18.159	18.744	19.156	19.788	20.214	21.052	22.603
106	-0.3521	17.1637	0.08551	13.332	14.162	14.678	14.962	15.414	15.729	16.211	17.164	18.194	18.781	19.193	19.827	20.254	21.095	22.65
106.1	-0.3521	17.196	0.08557	13.354	14.186	14.704	14.989	15.442	15.758	16.241	17.196	18.229	18.817	19.231	19.866	20.295	21.138	22.697
106.2	-0.3521	17.2283	0.08562	13.378	14.211	14.73	15.016	15.47	15.787	16.271	17.228	18.263	18.854	19.268	19.906	20.335	21.18	22.744
106.3	-0.3521	17.2607	0.08568	13.4	14.236	14.757	15.043	15.498	15.816	16.301	17.261	18.298	18.89	19.306	19.945	20.375	21.223	22.791
106.4	-0.3521	17.2931	0.08574	13.423	14.261	14.783	15.069	15.526	15.844	16.331	17.293	18.334	18.927	19.344	19.985	20.416	21.266	22.839
106.5	-0.3521	17.3256	0.0858	13.446	14.286	14.809	15.096	15.554	15.873	16.361	17.326	18.369	18.964	19.382	20.024	20.457	21.309	22.886
106.6	-0.3521	17.3582	0.08586	13.469	14.311	14.835	15.123	15.582	15.902	16.391	17.358	18.404	19.001	19.42	20.064	20.498	21.353	22.934
106.7	-0.3521	17.3909	0.08592	13.492	14.336	14.862	15.15	15.61	15.931	16.421	17.391	18.44	19.038	19.458	20.104	20.539	21.396	22.982
106.8	-0.3521	17.4237	0.08599	13.515	14.361	14.888	15.177	15.638	15.96	16.451	17.424	18.475	19.075	19.496	20.144	20.581	21.44	23.031
106.9	-0.3521	17.4565	0.08605	13.538	14.386	14.914	15.204	15.666	15.989	16.482	17.457	18.511	19.112	19.535	20.184	20.622	21.484	23.079
107	-0.3521	17.4894	0.08611	13.561	14.411	14.941	15.232	15.695	16.018	16.512	17.489	18.546	19.149	19.573	20.224	20.663	21.528	23.127
107.1	-0.3521	17.5224	0.08617	13.585	14.437	14.967	15.259	15.723	16.047	16.543	17.522	18.582	19.187	19.611	20.265	20.705	21.571	23.175
107.2	-0.3521	17.5554	0.08623	13.608	14.462	14.994	15.286	15.752	16.077	16.573	17.555	18.618	19.224	19.65	20.305	20.746	21.615	23.224
107.3	-0.3521	17.5885	0.08629	13.631	14.487	15.021	15.314	15.78	16.106	16.604	17.589	18.654	19.262	19.689	20.345	20.788	21.659	23.272
107.4	-0.3521	17.6217	0.08635	13.655	14.513	15.047	15.341	15.809	16.135	16.634	17.622	18.69	19.299	19.727	20.386	20.829	21.703	23.321
107.5	-0.3521	17.655	0.08641	13.678	14.538	15.074	15.369	15.838	16.165	16.665	17.655	18.726	19.337	19.766	20.426	20.871	21.748	23.37
107.6	-0.3521	17.6884	0.08648	13.701	14.564	15.101	15.396	15.866	16.194	16.696	17.688	18.762	19.375	19.805	20.468	20.914	21.793	23.42
107.7	-0.3521	17.7218	0.08654	13.725	14.589	15.128	15.424	15.895	16.224	16.727	17.722	18.798	19.413	19.844	20.508	20.956	21.837	23.469
107.8	-0.3521	17.7553	0.0866	13.749	14.615	15.155	15.451	15.924	16.254	16.758	17.755	18.835	19.451	19.884	20.549	20.998	21.882	23.518
107.9	-0.3521	17.7889	0.08666	13.772	14.641	15.182	15.479	15.953	16.283	16.789	17.789	18.871	19.489	19.923	20.59	21.04	21.926	23.567
108	-0.3521	17.8226	0.08673	13.796	14.666	15.209	15.507	15.982	16.313	16.82	17.823	18.908	19.527	19.962	20.632	21.083	21.972	23.617
108.1	-0.3521	17.8564	0.08679	13.819	14.692	15.236	15.535	16.011	16.343	16.851	17.856	18.944	19.566	20.002	20.673	21.125	22.017	23.667
108.2	-0.3521	17.8903	0.08685	13.843	14.718	15.263	15.563	16.04	16.373	16.882	17.89	18.981	19.604	20.041	20.714	21.168	22.062	23.717
108.3	-0.3521	17.9242	0.08691	13.867	14.744	15.29	15.591	16.069	16.403	16.914	17.924	19.018	19.642	20.081	20.756	21.211	22.107	23.767
108.4	-0.3521	17.9583	0.08698	13.891	14.77	15.318	15.619	16.098	16.433	16.945	17.958	19.055	19.681	20.121	20.798	21.254	22.153	23.818
108.5	-0.3521	17.9924	0.08704	13.915	14.796	15.345	15.647	16.128	16.463	16.977	17.992	19.092	19.72	20.161	20.84	21.297	22.198	23.868
108.6	-0.3521	18.0267	0.0871	13.939	14.822	15.373	15.675	16.157	16.494	17.008	18.027	19.129	19.759	20.201	20.881	21.34	22.244	23.918
108.7	-0.3521	18.061	0.08717	13.963	14.848	15.4	15.703	16.187	16.524	17.04	18.061	19.167	19.798	20.241	20.924	21.384	22.29	23.969
108.8	-0.3521	18.0954	0.08723	13.987	14.875	15.428	15.732	16.216	16.555	17.072	18.095	19.204	19.837	20.281	20.966	21.427	22.336	24.02
108.9	-0.3521	18.1299	0.0873	14.011	14.901	15.455	15.76	16.246	16.585	17.103	18.13	19.241	19.876	20.322	21.008	21.471	22.383	24.071
109	-0.3521	18.1645	0.08736	14.035	14.927	15.483	15.789	16.276	16.616	17.135	18.165	19.279	19.915	20.362	21.051	21.514	22.429	24.122
109.1	-0.3521	18.1992	0.08742	14.06	14.954	15.511	15.817	16.305	16.646	17.167	18.199	19.317	19.955	20.403	21.093	21.558	22.475	24.173
109.2	-0.3521	18.234	0.08749	14.084	14.98	15.539	15.846	16.335	16.677	17.2	18.234	19.354	19.994	20.444	21.136	21.602	22.522	24.225
109.3	-0.3521	18.2689	0.08755	14.108	15.007	15.567	15.875	16.365	16.708	17.232	18.269	19.392	20.034	20.485	21.178	21.646	22.568	24.277
109.4	-0.3521	18.3039	0.08762	14.133	15.033	15.595	15.903	16.395	16.739	17.264	18.304	19.43	20.074	20.526	21.222	21.691	22.615	24.329
109.5	-0.3521	18.339	0.08768	14.157	15.06	15.623	15.932	16.425	16.77	17.296	18.339	19.468	20.113	20.567	21.265	21.735	22.662	24.381
109.6	-0.3521	18.3742	0.08774	14.182	15.087	15.651	15.961	16.456	16.801	17.329	18.374	19.507	20.153	20.608	21.308	21.779	22.709	24.433
109.7	-0.3521	18.4094	0.08781	14.207	15.114	15.679	15.99	16.486	16.832	17.361	18.409	19.545	20.193	20.649	21.351	21.824	22.757	24.485
109.8	-0.3521	18.4448	0.08787	14.231	15.141	15.708	16.019	16.516	16.863	17.394	18.445	19.583	20.234	20.691	21.394	21.869	22.804	24.537
109.9	-0.3521	18.4802	0.08794	14.256	15.167	15.736	16.048	16.547	16.894	17.427	18.48	19.622	20.274	20.732	21.438	21.914	22.852	24.59
110	-0.3521	18.5158	0.088	14.281	15.195	15.764	16.078	16.577	16.926	17.459	18.516	19.66	20.314	20.774	21.481	21.958	22.899	24.643
110.1	-0.3521	18.5514	0.08806	14.306	15.222	15.793	16.107	16.608	16.958	17.492	18.551	19.699	20.355	20.816	21.525	22.003	22.947	24.695
110.2	-0.3521	18.5871	0.08813	14.331	15.249	15.822	16.137	16.638	16.989	17.525	18.587	19.738	20.395	20.858	21.569	22.049	22.995	24.749
110.3	-0.3521	18.6229	0.08819	14.356	15.276	15.85	16.166	16.669	17.021	17.558	18.623	19.777	20.436	20.899	21.613	22.094	23.042	24.801
110.4	-0.3521	18.6588	0.08826	14.381	15.303	15.879	16.195	16.7	17.052	17.591	18.659	19.816	20.477	20.942	21.657	22.14	23.091	24.855
110.5	-0.3521	18.6948	0.08832	14.406	15.331	15.908	16.225	16.731	17.084	17.625	18.695	19.855	20.518	20.984	21.701	22.185	23.139	24.908
110.6	-0.3521	18.7308	0.08838	14.431	15.358	15.937	16.255	16.762	17.116	17.658	18.731	19.894	20.559	21.026	21.745	22.23	23.187	24.961
110.7	-0.3521	18.767	0.08845	14.456	15.386	15.966	16.285	16.793	17.148	17.691	18.767	19.933	20.6	21.068	21.79	22.276	23.236	25.015
110.8	-0.3521	18.8032	0.08851	14.482	15.414	15.995	16.314	16.824	17.18	17.724	18.803	19.973	20.641	21.111	21.834	22.322	23.284	25.069
110.9	-0.3521	18.8395	0.08858	14.507	15.441	16.024	16.344	16.855	17.212	17.758	18.84	20.012	20.682	21.154	21.879	22.368	23.333	25.123
111	-0.3521	18.8759	0.08864	14.532	15.469	16.053	16.374	16.886	17.244	17.791	18.876	20.052	20.724	21.196	21.924	22.414	23.382	25.177
111.1	-0.3521	18.9123	0.08871	14.558	15.496	16.082	16.404	16.917	17.276	17.825	18.912	20.091	20.765	21.239	21.968	22.461	23.431	25.232
111.2	-0.3521	18.9489	0.08877	14.583	15.524	16.111	16.434	16.949	17.309	17.859	18.949	20.131	20.807	21.282	22.013	22.507	23.48	25.286
111.3	-0.3521	18.9855	0.08883	14.609	15.552	16.141	16.464	16.98	17.341	17.893	18.986	20.171	20.848	21.325	22.058	22.553	23.529	25.34
111.4	-0.3521	19.0222	0.0889	14.634	15.58	16.17	16.494	17.012	17.373	17.926	19.022	20.211	20.89	21.368	22.103	22.6	23.579	25.395
111.5	-0.3521	19.059	0.08896	14.66	15.608	16.199	16.525	17.043	17.406	17.96	19.059	20.251	20.932	21.411	22.148	22.646	23.628	25.449
111.6	-0.3521	19.0958	0.08903	14.686	15.636	16.229	16.555	17.075	17.438	17.994	19.096	20.291	20.974	21.454	22.194	22.693	23.677	25.504
111.7	-0.3521	19.1327	0.08909	14.712	15.664	16.258	16.585	17.107	17.471	18.028	19.133	20.331	21.016	21.497	22.239	22.74	23.727	25.559
111.8	-0.3521	19.1697	0.08915	14.737	15.692	16.288	16.616	17.138	17.504	18.062	19.17	20.371	21.058	21.541	22.284	22.786	23.776	25.613
111.9	-0.3521	19.2067	0.08922	14.763	15.72	16.317	16.646	17.17	17.536	18.096	19.207	20.411	21.1	21.584	22.33	22.833	23.826	25.669
112	-0.3521	19.2439	0.08928	14.789	15.748	16.347	16.677	17.202	17.569	18.131	19.244	20.452	21.142	21.628	22.376	22.88	23.876	25.724
112.1	-0.3521	19.281	0.08934	14.815	15.777	16.377	16.707	17.234	17.602	18.165	19.281	20.492	21.184	21.671	22.421	22.927	23.926	25.779
112.2	-0.3521	19.3183	0.08941	14.841	15.805	16.407	16.738	17.266	17.635	18.199	19.318	20.532	21.227	21.715	22.467	22.975	23.976	25.835
112.3	-0.3521	19.3556	0.08947	14.867	15.833	16.436	16.769	17.298	17.668	18.234	19.356	20.573	21.269	21.759	22.513	23.022	24.026	25.89
112.4	-0.3521	19.393	0.08953	14.893	15.862	16.466	16.799	17.33	17.701	18.268	19.393	20.614	21.312	21.803	22.559	23.069	24.076	25.946
112.5	-0.3521	19.4304	0.0896	14.919	15.89	16.496	16.83	17.362	17.734	18.303	19.43	20.654	21.354	21.847	22.605	23.117	24.127	26.002
112.6	-0.3521	19.4679	0.08966	14.945	15.919	16.526	16.861	17.394	17.767	18.337	19.468	20.695	21.397	21.891	22.651	23.164	24.177	26.057
112.7	-0.3521	19.5055	0.08972	14.972	15.947	16.556	16.892	17.426	17.8	18.372	19.506	20.736	21.44	21.935	22.697	23.212	24.227	26.113
112.8	-0.3521	19.5431	0.08979	14.997	15.976	16.586	16.922	17.458	17.833	18.406	19.543	20.777	21.483	21.979	22.744	23.26	24.278	26.17
112.9	-0.3521	19.5807	0.08985	15.024	16.004	16.616	16.953	17.491	17.866	18.441	19.581	20.818	21.525	22.023	22.79	23.307	24.329	26.225
113	-0.3521	19.6185	0.08991	15.05	16.033	16.647	16.985	17.523	17.9	18.476	19.619	20.859	21.568	22.067	22.836	23.355	24.379	26.281
113.1	-0.3521	19.6563	0.08997	15.077	16.062	16.677	17.016	17.556	17.933	18.511	19.656	20.9	21.611	22.112	22.883	23.403	24.43	26.337
113.2	-0.3521	19.6941	0.09004	15.103	16.09	16.707	17.047	17.588	17.966	18.546	19.694	20.941	21.654	22.156	22.929	23.451	24.481	26.394
113.3	-0.3521	19.7321	0.0901	15.129	16.119	16.737	17.078	17.621	18	18.581	19.732	20.982	21.698	22.201	22.976	23.499	24.532	26.451
113.4	-0.3521	19.77	0.09016	15.156	16.148	16.768	17.109	17.653	18.033	18.616	19.77	21.023	21.741	22.245	23.023	23.547	24.583	26.507
113.5	-0.3521	19.8081	0.09022	15.182	16.177	16.798	17.14	17.686	18.067	18.651	19.808	21.065	21.784	22.29	23.069	23.596	24.634	26.564
113.6	-0.3521	19.8461	0.09029	15.209	16.206	16.828	17.171	17.718	18.1	18.686	19.846	21.106	21.827	22.335	23.116	23.644	24.686	26.621
113.7	-0.3521	19.8843	0.09035	15.235	16.235	16.859	17.203	17.751	18.134	18.721	19.884	21.148	21.871	22.379	23.163	23.692	24.737	26.678
113.8	-0.3521	19.9225	0.09041	15.262	16.264	16.89	17.234	17.784	18.168	18.756	19.923	21.189	21.914	22.424	23.21	23.741	24.788	26.734
113.9	-0.3521	19.9607	0.09047	15.289	16.293	16.92	17.266	17.817	18.202	18.791	19.961	21.231	21.958	22.469	23.257	23.789	24.84	26.791
114	-0.3521	19.999	0.09054	15.315	16.322	16.951	17.297	17.849	18.235	18.826	19.999	21.273	22.001	22.514	23.305	23.838	24.892	26.849
114.1	-0.3521	20.0373	0.0906	15.342	16.351	16.981	17.328	17.882	18.269	18.862	20.037	21.314	22.045	22.559	23.352	23.887	24.943	26.906
114.2	-0.3521	20.0757	0.09066	15.369	16.38	17.012	17.36	17.915	18.303	18.897	20.076	21.356	22.089	22.604	23.399	23.935	24.995	26.963
114.3	-0.3521	20.1142	0.09072	15.395	16.409	17.043	17.392	17.948	18.337	18.933	20.114	21.398	22.132	22.649	23.446	23.984	25.046	27.02
114.4	-0.3521	20.1527	0.09079	15.422	16.438	17.073	17.423	17.981	18.371	18.968	20.153	21.44	22.176	22.695	23.494	24.033	25.099	27.079
114.5	-0.3521	20.1912	0.09085	15.449	16.468	17.104	17.455	18.014	18.405	19.003	20.191	21.482	22.22	22.74	23.541	24.082	25.15	27.136
114.6	-0.3521	20.2298	0.09091	15.476	16.497	17.135	17.486	18.047	18.439	19.039	20.23	21.524	22.264	22.785	23.589	24.131	25.202	27.193
114.7	-0.3521	20.2684	0.09097	15.503	16.526	17.166	17.518	18.08	18.473	19.075	20.268	21.565	22.308	22.831	23.636	24.18	25.254	27.251
114.8	-0.3521	20.3071	0.09103	15.529	16.556	17.197	17.55	18.113	18.507	19.11	20.307	21.608	22.352	22.876	23.684	24.229	25.306	27.309
114.9	-0.3521	20.3458	0.0911	15.556	16.585	17.227	17.582	18.146	18.541	19.146	20.346	21.65	22.396	22.922	23.732	24.279	25.359	27.367
115	-0.3521	20.3846	0.09116	15.583	16.614	17.258	17.613	18.179	18.575	19.182	20.385	21.692	22.441	22.967	23.78	24.328	25.411	27.425
115.1	-0.3521	20.4233	0.09122	15.61	16.644	17.289	17.645	18.213	18.61	19.217	20.423	21.734	22.485	23.013	23.827	24.377	25.463	27.483
115.2	-0.3521	20.4622	0.09128	15.637	16.673	17.32	17.677	18.246	18.644	19.253	20.462	21.776	22.529	23.059	23.875	24.426	25.515	27.541
115.3	-0.3521	20.501	0.09134	15.664	16.703	17.351	17.709	18.279	18.678	19.289	20.501	21.819	22.573	23.104	23.923	24.476	25.568	27.599
115.4	-0.3521	20.54	0.0914	15.691	16.732	17.383	17.741	18.313	18.712	19.325	20.54	21.861	22.617	23.15	23.971	24.525	25.62	27.657
115.5	-0.3521	20.5789	0.09147	15.718	16.761	17.413	17.773	18.346	18.747	19.36	20.579	21.903	22.662	23.196	24.019	24.575	25.673	27.716
115.6	-0.3521	20.6179	0.09153	15.745	16.791	17.445	17.805	18.379	18.781	19.396	20.618	21.946	22.706	23.242	24.067	24.625	25.726	27.774
115.7	-0.3521	20.6569	0.09159	15.772	16.82	17.476	17.837	18.413	18.815	19.432	20.657	21.988	22.751	23.288	24.115	24.674	25.778	27.832
115.8	-0.3521	20.6959	0.09165	15.799	16.85	17.507	17.869	18.446	18.85	19.468	20.696	22.031	22.795	23.333	24.163	24.724	25.831	27.891
115.9	-0.3521	20.735	0.09171	15.826	16.88	17.538	17.901	18.479	18.884	19.504	20.735	22.073	22.84	23.379	24.211	24.773	25.884	27.949
116	-0.3521	20.7741	0.09177	15.854	16.909	17.569	17.933	18.513	18.919	19.54	20.774	22.116	22.884	23.425	24.26	24.823	25.936	28.008
116.1	-0.3521	20.8132	0.09183	15.881	16.939	17.6	17.965	18.546	18.953	19.576	20.813	22.158	22.929	23.471	24.308	24.873	25.989	28.066
116.2	-0.3521	20.8524	0.0919	15.908	16.968	17.631	17.997	18.58	18.988	19.612	20.852	22.201	22.974	23.518	24.357	24.923	26.043	28.126
116.3	-0.3521	20.8916	0.09196	15.935	16.998	17.663	18.029	18.613	19.022	19.648	20.892	22.244	23.018	23.564	24.405	24.973	26.096	28.184
116.4	-0.3521	20.9308	0.09202	15.962	17.028	17.694	18.061	18.647	19.057	19.684	20.931	22.286	23.063	23.61	24.453	25.023	26.148	28.243
116.5	-0.3521	20.97	0.09208	15.989	17.057	17.725	18.093	18.68	19.091	19.72	20.97	22.329	23.108	23.656	24.502	25.073	26.201	28.302
116.6	-0.3521	21.0093	0.09214	16.016	17.087	17.756	18.125	18.714	19.126	19.757	21.009	22.372	23.153	23.702	24.55	25.123	26.254	28.361
116.7	-0.3521	21.0486	0.0922	16.044	17.117	17.788	18.158	18.748	19.16	19.793	21.049	22.415	23.197	23.749	24.599	25.173	26.308	28.42
116.8	-0.3521	21.0879	0.09227	16.071	17.146	17.819	18.19	18.781	19.195	19.829	21.088	22.458	23.242	23.795	24.648	25.223	26.361	28.48
116.9	-0.3521	21.1272	0.09233	16.098	17.176	17.85	18.222	18.815	19.229	19.865	21.127	22.5	23.287	23.841	24.696	25.273	26.414	28.538
117	-0.3521	21.1666	0.09239	16.125	17.206	17.881	18.254	18.848	19.264	19.901	21.167	22.543	23.332	23.888	24.745	25.324	26.468	28.598
117.1	-0.3521	21.2059	0.09245	16.152	17.235	17.913	18.286	18.882	19.299	19.937	21.206	22.586	23.377	23.934	24.793	25.374	26.521	28.657
117.2	-0.3521	21.2453	0.09251	16.18	17.265	17.944	18.318	18.916	19.333	19.974	21.245	22.629	23.422	23.98	24.842	25.424	26.574	28.716
117.3	-0.3521	21.2847	0.09257	16.207	17.295	17.976	18.351	18.949	19.368	20.01	21.285	22.672	23.467	24.027	24.891	25.474	26.627	28.775
117.4	-0.3521	21.3242	0.09263	16.234	17.325	18.007	18.383	18.983	19.403	20.046	21.324	22.715	23.512	24.073	24.939	25.524	26.681	28.834
117.5	-0.3521	21.3636	0.0927	16.261	17.354	18.038	18.415	19.016	19.437	20.082	21.364	22.758	23.557	24.12	24.988	25.575	26.735	28.895
117.6	-0.3521	21.4031	0.09276	16.288	17.384	18.069	18.447	19.05	19.472	20.119	21.403	22.801	23.602	24.167	25.037	25.625	26.788	28.954
117.7	-0.3521	21.4426	0.09282	16.316	17.414	18.101	18.48	19.084	19.507	20.155	21.443	22.844	23.647	24.213	25.086	25.676	26.842	29.013
117.8	-0.3521	21.482	0.09288	16.343	17.444	18.132	18.512	19.118	19.542	20.191	21.482	22.887	23.692	24.26	25.135	25.726	26.895	29.073
117.9	-0.3521	21.5215	0.09294	16.37	17.473	18.164	18.544	19.151	19.576	20.228	21.522	22.93	23.737	24.306	25.184	25.777	26.949	29.132
118	-0.3521	21.5611	0.093	16.397	17.503	18.195	18.576	19.185	19.611	20.264	21.561	22.973	23.783	24.353	25.233	25.827	27.002	29.192
118.1	-0.3521	21.6006	0.09307	16.424	17.533	18.226	18.608	19.219	19.646	20.3	21.601	23.016	23.828	24.4	25.282	25.878	27.057	29.252
118.2	-0.3521	21.6401	0.09313	16.452	17.562	18.258	18.641	19.252	19.681	20.337	21.64	23.059	23.873	24.446	25.331	25.928	27.11	29.312
118.3	-0.3521	21.6797	0.09319	16.479	17.592	18.289	18.673	19.286	19.715	20.373	21.68	23.102	23.918	24.493	25.38	25.979	27.164	29.371
118.4	-0.3521	21.7193	0.09325	16.506	17.622	18.32	18.705	19.32	19.75	20.409	21.719	23.146	23.963	24.54	25.429	26.03	27.218	29.431
118.5	-0.3521	21.7588	0.09331	16.533	17.652	18.352	18.738	19.354	19.785	20.446	21.759	23.189	24.009	24.586	25.478	26.08	27.271	29.491
118.6	-0.3521	21.7984	0.09338	16.56	17.681	18.383	18.77	19.387	19.82	20.482	21.798	23.232	24.054	24.633	25.527	26.131	27.326	29.552
118.7	-0.3521	21.838	0.09344	16.588	17.711	18.414	18.802	19.421	19.854	20.518	21.838	23.275	24.099	24.68	25.576	26.182	27.379	29.611
118.8	-0.3521	21.8776	0.0935	16.615	17.741	18.446	18.834	19.455	19.889	20.555	21.878	23.318	24.145	24.727	25.625	26.232	27.433	29.671
118.9	-0.3521	21.9172	0.09356	16.642	17.771	18.477	18.867	19.489	19.924	20.591	21.917	23.361	24.19	24.774	25.674	26.283	27.487	29.731
119	-0.3521	21.9568	0.09362	16.669	17.801	18.509	18.899	19.522	19.959	20.627	21.957	23.405	24.235	24.82	25.723	26.334	27.541	29.791
119.1	-0.3521	21.9964	0.09368	16.697	17.83	18.54	18.931	19.556	19.994	20.664	21.996	23.448	24.28	24.867	25.772	26.384	27.595	29.851
119.2	-0.3521	22.036	0.09375	16.723	17.86	18.571	18.963	19.59	20.028	20.7	22.036	23.491	24.326	24.914	25.822	26.436	27.649	29.912
119.3	-0.3521	22.0757	0.09381	16.751	17.89	18.603	18.996	19.624	20.063	20.737	22.076	23.534	24.371	24.961	25.871	26.486	27.703	29.972
119.4	-0.3521	22.1153	0.09387	16.778	17.919	18.634	19.028	19.657	20.098	20.773	22.115	23.578	24.417	25.008	25.92	26.537	27.757	30.032
119.5	-0.3521	22.1549	0.09393	16.805	17.949	18.665	19.06	19.691	20.133	20.809	22.155	23.621	24.462	25.055	25.969	26.588	27.811	30.092
119.6	-0.3521	22.1945	0.09399	16.832	17.979	18.697	19.093	19.725	20.167	20.846	22.195	23.664	24.507	25.101	26.019	26.639	27.865	30.152
119.7	-0.3521	22.2341	0.09406	16.859	18.008	18.728	19.125	19.758	20.202	20.882	22.234	23.707	24.553	25.149	26.068	26.69	27.92	30.213
119.8	-0.3521	22.2738	0.09412	16.886	18.038	18.759	19.157	19.792	20.237	20.918	22.274	23.751	24.598	25.196	26.117	26.741	27.974	30.273
119.9	-0.3521	22.3134	0.09418	16.914	18.068	18.791	19.189	19.826	20.272	20.955	22.313	23.794	24.644	25.242	26.167	26.792	28.028	30.333
120	-0.3521	22.353	0.09424	16.941	18.098	18.822	19.222	19.86	20.306	20.991	22.353	23.837	24.689	25.289	26.216	26.842	28.082	30.393
