Length	L	M	S	P01	P1	P3	P5	P10	P15	P25	P50	P75	P85	P90	P95	P97	P99	P999
45	-0.3833	2.4607	0.09029	1.888	2.011	2.087	2.13	2.197	2.245	2.317	2.461	2.617	2.707	2.77	2.867	2.933	3.063	3.305
45.1	-0.3833	2.4777	0.0903	1.901	2.024	2.102	2.144	2.212	2.26	2.333	2.478	2.635	2.725	2.789	2.887	2.953	3.084	3.328
45.2	-0.3833	2.4947	0.0903	1.914	2.038	2.116	2.159	2.228	2.276	2.349	2.495	2.653	2.744	2.808	2.907	2.974	3.106	3.351
45.3	-0.3833	2.5117	0.09031	1.927	2.052	2.131	2.174	2.243	2.291	2.365	2.512	2.671	2.763	2.827	2.927	2.994	3.127	3.374
45.4	-0.3833	2.5287	0.09032	1.94	2.066	2.145	2.189	2.258	2.307	2.381	2.529	2.689	2.782	2.847	2.947	3.014	3.148	3.397
45.5	-0.3833	2.5457	0.09033	1.953	2.08	2.159	2.203	2.273	2.322	2.397	2.546	2.708	2.8	2.866	2.967	3.035	3.169	3.42
45.6	-0.3833	2.5627	0.09033	1.966	2.094	2.174	2.218	2.288	2.337	2.413	2.563	2.726	2.819	2.885	2.986	3.055	3.19	3.443
45.7	-0.3833	2.5797	0.09034	1.979	2.108	2.188	2.233	2.303	2.353	2.429	2.58	2.744	2.838	2.904	3.006	3.075	3.212	3.466
45.8	-0.3833	2.5967	0.09035	1.992	2.121	2.203	2.247	2.319	2.368	2.445	2.597	2.762	2.857	2.923	3.026	3.096	3.233	3.489
45.9	-0.3833	2.6137	0.09036	2.005	2.135	2.217	2.262	2.334	2.384	2.461	2.614	2.78	2.875	2.942	3.046	3.116	3.254	3.512
46	-0.3833	2.6306	0.09037	2.018	2.149	2.231	2.277	2.349	2.399	2.477	2.631	2.798	2.894	2.961	3.066	3.136	3.275	3.535
46.1	-0.3833	2.6476	0.09037	2.031	2.163	2.246	2.291	2.364	2.415	2.493	2.648	2.816	2.913	2.981	3.085	3.156	3.296	3.557
46.2	-0.3833	2.6646	0.09038	2.044	2.177	2.26	2.306	2.379	2.43	2.509	2.665	2.834	2.931	3	3.105	3.177	3.318	3.58
46.3	-0.3833	2.6816	0.09039	2.057	2.191	2.274	2.321	2.394	2.446	2.525	2.682	2.852	2.95	3.019	3.125	3.197	3.339	3.603
46.4	-0.3833	2.6986	0.0904	2.07	2.204	2.289	2.335	2.409	2.461	2.541	2.699	2.87	2.969	3.038	3.145	3.217	3.36	3.626
46.5	-0.3833	2.7155	0.0904	2.083	2.218	2.303	2.35	2.424	2.477	2.557	2.716	2.888	2.987	3.057	3.165	3.237	3.381	3.649
46.6	-0.3833	2.7326	0.09041	2.096	2.232	2.318	2.365	2.44	2.492	2.573	2.733	2.907	3.006	3.076	3.185	3.258	3.403	3.672
46.7	-0.3833	2.7496	0.09042	2.109	2.246	2.332	2.379	2.455	2.508	2.589	2.75	2.925	3.025	3.096	3.205	3.278	3.424	3.695
46.8	-0.3833	2.7666	0.09043	2.122	2.26	2.346	2.394	2.47	2.523	2.605	2.767	2.943	3.044	3.115	3.224	3.299	3.445	3.718
46.9	-0.3833	2.7837	0.09044	2.135	2.274	2.361	2.409	2.485	2.539	2.621	2.784	2.961	3.063	3.134	3.244	3.319	3.466	3.741
47	-0.3833	2.8007	0.09044	2.148	2.288	2.375	2.423	2.5	2.554	2.637	2.801	2.979	3.081	3.153	3.264	3.339	3.488	3.764
47.1	-0.3833	2.8179	0.09045	2.161	2.302	2.39	2.438	2.516	2.57	2.653	2.818	2.997	3.1	3.173	3.284	3.36	3.509	3.787
47.2	-0.3833	2.835	0.09046	2.174	2.316	2.404	2.453	2.531	2.586	2.669	2.835	3.016	3.119	3.192	3.304	3.38	3.531	3.81
47.3	-0.3833	2.8522	0.09047	2.187	2.33	2.419	2.468	2.546	2.601	2.685	2.852	3.034	3.138	3.211	3.324	3.401	3.552	3.834
47.4	-0.3833	2.8694	0.09047	2.2	2.344	2.433	2.483	2.562	2.617	2.701	2.869	3.052	3.157	3.231	3.345	3.421	3.573	3.857
47.5	-0.3833	2.8867	0.09048	2.213	2.358	2.448	2.498	2.577	2.633	2.718	2.887	3.071	3.176	3.25	3.365	3.442	3.595	3.88
47.6	-0.3833	2.9041	0.09049	2.227	2.372	2.463	2.513	2.593	2.648	2.734	2.904	3.089	3.195	3.27	3.385	3.463	3.617	3.904
47.7	-0.3833	2.9215	0.0905	2.24	2.386	2.477	2.528	2.608	2.664	2.75	2.922	3.108	3.214	3.289	3.405	3.484	3.639	3.927
47.8	-0.3833	2.939	0.0905	2.253	2.4	2.492	2.543	2.624	2.68	2.767	2.939	3.126	3.234	3.309	3.426	3.505	3.66	3.951
47.9	-0.3833	2.9565	0.09051	2.267	2.415	2.507	2.558	2.639	2.696	2.783	2.957	3.145	3.253	3.329	3.446	3.526	3.682	3.974
48	-0.3833	2.9741	0.09052	2.28	2.429	2.522	2.573	2.655	2.712	2.8	2.974	3.164	3.272	3.349	3.467	3.547	3.704	3.998
48.1	-0.3833	2.9918	0.09053	2.294	2.443	2.537	2.588	2.671	2.728	2.817	2.992	3.182	3.292	3.369	3.488	3.568	3.726	4.022
48.2	-0.3833	3.0096	0.09054	2.307	2.458	2.552	2.604	2.687	2.745	2.833	3.01	3.201	3.311	3.389	3.508	3.589	3.749	4.046
48.3	-0.3833	3.0275	0.09054	2.321	2.472	2.567	2.619	2.703	2.761	2.85	3.028	3.22	3.331	3.409	3.529	3.61	3.771	4.07
48.4	-0.3833	3.0455	0.09055	2.335	2.487	2.582	2.635	2.719	2.777	2.867	3.046	3.24	3.351	3.429	3.55	3.632	3.794	4.095
48.5	-0.3833	3.0636	0.09056	2.348	2.502	2.598	2.65	2.735	2.794	2.884	3.064	3.259	3.371	3.45	3.571	3.654	3.816	4.119
48.6	-0.3833	3.0818	0.09057	2.362	2.517	2.613	2.666	2.751	2.81	2.901	3.082	3.278	3.391	3.47	3.593	3.675	3.839	4.144
48.7	-0.3833	3.1001	0.09057	2.376	2.532	2.629	2.682	2.767	2.827	2.918	3.1	3.298	3.411	3.491	3.614	3.697	3.862	4.168
48.8	-0.3833	3.1186	0.09058	2.39	2.547	2.644	2.698	2.784	2.844	2.936	3.119	3.317	3.431	3.512	3.636	3.719	3.885	4.193
48.9	-0.3833	3.1372	0.09059	2.405	2.562	2.66	2.714	2.8	2.861	2.953	3.137	3.337	3.452	3.533	3.657	3.742	3.908	4.218
49	-0.3833	3.156	0.0906	2.419	2.577	2.676	2.73	2.817	2.878	2.971	3.156	3.357	3.473	3.554	3.679	3.764	3.932	4.244
49.1	-0.3833	3.1749	0.09061	2.433	2.592	2.692	2.747	2.834	2.895	2.989	3.175	3.377	3.494	3.575	3.702	3.787	3.955	4.269
49.2	-0.3833	3.1939	0.09061	2.448	2.608	2.708	2.763	2.851	2.912	3.007	3.194	3.398	3.514	3.597	3.724	3.809	3.979	4.295
49.3	-0.3833	3.2131	0.09062	2.463	2.623	2.724	2.78	2.868	2.93	3.025	3.213	3.418	3.536	3.618	3.746	3.832	4.003	4.321
49.4	-0.3833	3.2325	0.09063	2.477	2.639	2.74	2.796	2.885	2.948	3.043	3.233	3.439	3.557	3.64	3.769	3.856	4.027	4.347
49.5	-0.3833	3.252	0.09064	2.492	2.655	2.757	2.813	2.903	2.965	3.061	3.252	3.46	3.579	3.662	3.792	3.879	4.052	4.374
49.6	-0.3833	3.2717	0.09065	2.507	2.671	2.774	2.83	2.92	2.983	3.08	3.272	3.481	3.6	3.685	3.815	3.903	4.076	4.4
49.7	-0.3833	3.2915	0.09065	2.523	2.687	2.79	2.847	2.938	3.001	3.098	3.292	3.502	3.622	3.707	3.838	3.926	4.101	4.427
49.8	-0.3833	3.3114	0.09066	2.538	2.704	2.807	2.864	2.956	3.019	3.117	3.311	3.523	3.644	3.729	3.861	3.95	4.126	4.454
49.9	-0.3833	3.3316	0.09067	2.553	2.72	2.824	2.882	2.974	3.038	3.136	3.332	3.544	3.666	3.752	3.885	3.974	4.151	4.481
50	-0.3833	3.3518	0.09068	2.569	2.736	2.841	2.899	2.992	3.056	3.155	3.352	3.566	3.688	3.775	3.908	3.998	4.176	4.508
50.1	-0.3833	3.3723	0.09069	2.584	2.753	2.859	2.917	3.01	3.075	3.174	3.372	3.588	3.711	3.798	3.932	4.023	4.202	4.536
50.2	-0.3833	3.3929	0.09069	2.6	2.77	2.876	2.935	3.028	3.094	3.194	3.393	3.61	3.734	3.821	3.956	4.047	4.228	4.564
50.3	-0.3833	3.4136	0.0907	2.616	2.787	2.894	2.953	3.047	3.112	3.213	3.414	3.632	3.757	3.845	3.98	4.072	4.254	4.592
50.4	-0.3833	3.4346	0.09071	2.632	2.804	2.911	2.971	3.065	3.132	3.233	3.435	3.654	3.78	3.868	4.005	4.097	4.28	4.62
50.5	-0.3833	3.4557	0.09072	2.648	2.821	2.929	2.989	3.084	3.151	3.253	3.456	3.676	3.803	3.892	4.03	4.123	4.306	4.649
50.6	-0.3833	3.4769	0.09073	2.664	2.838	2.947	3.007	3.103	3.17	3.273	3.477	3.699	3.826	3.916	4.054	4.148	4.333	4.677
50.7	-0.3833	3.4983	0.09074	2.68	2.856	2.965	3.026	3.122	3.19	3.293	3.498	3.722	3.85	3.94	4.079	4.174	4.36	4.706
50.8	-0.3833	3.5199	0.09074	2.697	2.873	2.984	3.044	3.141	3.209	3.313	3.52	3.745	3.874	3.965	4.105	4.199	4.387	4.735
50.9	-0.3833	3.5417	0.09075	2.714	2.891	3.002	3.063	3.161	3.229	3.334	3.542	3.768	3.898	3.989	4.13	4.225	4.414	4.765
51	-0.3833	3.5636	0.09076	2.73	2.909	3.021	3.082	3.18	3.249	3.354	3.564	3.791	3.922	4.014	4.156	4.252	4.441	4.795
51.1	-0.3833	3.5856	0.09077	2.747	2.927	3.039	3.101	3.2	3.269	3.375	3.586	3.815	3.946	4.039	4.182	4.278	4.469	4.824
51.2	-0.3833	3.6078	0.09078	2.764	2.945	3.058	3.12	3.22	3.289	3.396	3.608	3.838	3.971	4.064	4.207	4.305	4.497	4.854
51.3	-0.3833	3.6302	0.09079	2.781	2.963	3.077	3.14	3.24	3.31	3.417	3.63	3.862	3.995	4.089	4.234	4.331	4.525	4.885
51.4	-0.3833	3.6527	0.0908	2.798	2.981	3.096	3.159	3.26	3.33	3.438	3.653	3.886	4.02	4.114	4.26	4.358	4.553	4.915
51.5	-0.3833	3.6754	0.0908	2.816	3	3.115	3.179	3.28	3.351	3.46	3.675	3.91	4.045	4.14	4.286	4.385	4.581	4.946
51.6	-0.3833	3.6982	0.09081	2.833	3.018	3.134	3.198	3.3	3.372	3.481	3.698	3.935	4.07	4.166	4.313	4.413	4.61	4.977
51.7	-0.3833	3.7212	0.09082	2.85	3.037	3.154	3.218	3.321	3.393	3.503	3.721	3.959	4.096	4.192	4.34	4.44	4.638	5.008
51.8	-0.3833	3.7444	0.09083	2.868	3.056	3.173	3.238	3.341	3.414	3.524	3.744	3.984	4.121	4.218	4.367	4.468	4.667	5.039
51.9	-0.3833	3.7677	0.09084	2.886	3.075	3.193	3.258	3.362	3.435	3.546	3.768	4.009	4.147	4.244	4.394	4.496	4.697	5.071
52	-0.3833	3.7911	0.09085	2.904	3.094	3.213	3.278	3.383	3.456	3.568	3.791	4.034	4.173	4.271	4.422	4.524	4.726	5.102
52.1	-0.3833	3.8147	0.09086	2.922	3.113	3.233	3.299	3.404	3.478	3.59	3.815	4.059	4.199	4.297	4.449	4.552	4.755	5.134
52.2	-0.3833	3.8385	0.09086	2.94	3.133	3.253	3.319	3.425	3.499	3.613	3.839	4.084	4.225	4.324	4.477	4.581	4.785	5.166
52.3	-0.3833	3.8623	0.09087	2.958	3.152	3.273	3.34	3.446	3.521	3.635	3.862	4.109	4.251	4.351	4.505	4.609	4.815	5.198
52.4	-0.3833	3.8863	0.09088	2.976	3.171	3.293	3.361	3.468	3.543	3.658	3.886	4.135	4.278	4.378	4.533	4.638	4.845	5.231
52.5	-0.3833	3.9105	0.09089	2.995	3.191	3.314	3.381	3.489	3.565	3.681	3.911	4.161	4.304	4.405	4.561	4.667	4.875	5.264
52.6	-0.3833	3.9348	0.0909	3.013	3.211	3.334	3.402	3.511	3.587	3.703	3.935	4.187	4.331	4.433	4.59	4.696	4.906	5.297
52.7	-0.3833	3.9592	0.09091	3.032	3.231	3.355	3.423	3.533	3.609	3.726	3.959	4.213	4.358	4.46	4.618	4.725	4.936	5.33
52.8	-0.3833	3.9837	0.09092	3.051	3.251	3.376	3.445	3.555	3.631	3.749	3.984	4.239	4.385	4.488	4.647	4.754	4.967	5.363
52.9	-0.3833	4.0084	0.09093	3.07	3.271	3.396	3.466	3.577	3.654	3.773	4.008	4.265	4.412	4.516	4.676	4.784	4.998	5.396
53	-0.3833	4.0332	0.09093	3.089	3.291	3.418	3.487	3.599	3.677	3.796	4.033	4.291	4.44	4.544	4.705	4.814	5.029	5.43
53.1	-0.3833	4.0581	0.09094	3.108	3.311	3.439	3.509	3.621	3.699	3.819	4.058	4.318	4.467	4.572	4.734	4.843	5.06	5.463
53.2	-0.3833	4.0832	0.09095	3.127	3.332	3.46	3.53	3.643	3.722	3.843	4.083	4.345	4.495	4.6	4.763	4.873	5.091	5.497
53.3	-0.3833	4.1084	0.09096	3.146	3.352	3.481	3.552	3.666	3.745	3.867	4.108	4.372	4.522	4.629	4.793	4.904	5.123	5.531
53.4	-0.3833	4.1337	0.09097	3.165	3.373	3.502	3.574	3.688	3.768	3.89	4.134	4.399	4.55	4.657	4.822	4.934	5.155	5.566
53.5	-0.3833	4.1591	0.09098	3.184	3.393	3.524	3.596	3.711	3.791	3.914	4.159	4.426	4.578	4.686	4.852	4.964	5.186	5.6
53.6	-0.3833	4.1846	0.09099	3.204	3.414	3.545	3.618	3.733	3.814	3.938	4.185	4.453	4.606	4.715	4.882	4.995	5.218	5.635
53.7	-0.3833	4.2102	0.09099	3.224	3.435	3.567	3.64	3.756	3.838	3.962	4.21	4.48	4.635	4.744	4.912	5.025	5.25	5.669
53.8	-0.3833	4.2359	0.091	3.243	3.456	3.589	3.662	3.779	3.861	3.987	4.236	4.507	4.663	4.773	4.942	5.056	5.282	5.704
53.9	-0.3833	4.2617	0.09101	3.263	3.477	3.611	3.684	3.802	3.885	4.011	4.262	4.535	4.691	4.802	4.972	5.087	5.315	5.739
54	-0.3833	4.2875	0.09102	3.282	3.498	3.632	3.707	3.825	3.908	4.035	4.288	4.562	4.72	4.831	5.002	5.118	5.347	5.774
54.1	-0.3833	4.3135	0.09103	3.302	3.519	3.654	3.729	3.848	3.932	4.06	4.314	4.59	4.749	4.86	5.033	5.149	5.38	5.809
54.2	-0.3833	4.3395	0.09104	3.322	3.54	3.676	3.751	3.871	3.955	4.084	4.34	4.618	4.777	4.89	5.063	5.18	5.412	5.844
54.3	-0.3833	4.3655	0.09105	3.342	3.561	3.698	3.774	3.895	3.979	4.108	4.366	4.645	4.806	4.919	5.094	5.211	5.445	5.879
54.4	-0.3833	4.3917	0.09105	3.362	3.583	3.72	3.797	3.918	4.003	4.133	4.392	4.673	4.835	4.949	5.124	5.243	5.477	5.915
54.5	-0.3833	4.4179	0.09106	3.382	3.604	3.743	3.819	3.941	4.027	4.158	4.418	4.701	4.864	4.978	5.155	5.274	5.51	5.95
54.6	-0.3833	4.4442	0.09107	3.402	3.625	3.765	3.842	3.965	4.051	4.182	4.444	4.729	4.893	5.008	5.186	5.306	5.543	5.986
54.7	-0.3833	4.4705	0.09108	3.422	3.647	3.787	3.864	3.988	4.075	4.207	4.471	4.757	4.922	5.038	5.216	5.337	5.576	6.021
54.8	-0.3833	4.4969	0.09109	3.442	3.668	3.809	3.887	4.012	4.099	4.232	4.497	4.785	4.951	5.067	5.247	5.369	5.609	6.057
54.9	-0.3833	4.5233	0.09109	3.462	3.69	3.832	3.91	4.035	4.123	4.257	4.523	4.813	4.98	5.097	5.278	5.4	5.642	6.093
55	-0.3833	4.5498	0.0911	3.482	3.711	3.854	3.933	4.059	4.147	4.282	4.55	4.842	5.009	5.127	5.309	5.432	5.675	6.129
55.1	-0.3833	4.5763	0.09111	3.503	3.733	3.876	3.956	4.082	4.171	4.307	4.576	4.87	5.038	5.157	5.34	5.464	5.708	6.165
55.2	-0.3833	4.6029	0.09112	3.523	3.754	3.899	3.979	4.106	4.195	4.332	4.603	4.898	5.068	5.187	5.371	5.496	5.742	6.201
55.3	-0.3833	4.6295	0.09113	3.543	3.776	3.921	4.002	4.13	4.219	4.357	4.63	4.927	5.097	5.217	5.402	5.527	5.775	6.237
55.4	-0.3833	4.6561	0.09113	3.564	3.798	3.944	4.025	4.153	4.244	4.382	4.656	4.955	5.126	5.247	5.433	5.559	5.808	6.273
55.5	-0.3833	4.6827	0.09114	3.584	3.819	3.966	4.048	4.177	4.268	4.407	4.683	4.983	5.156	5.277	5.464	5.591	5.842	6.309
55.6	-0.3833	4.7094	0.09115	3.604	3.841	3.989	4.071	4.201	4.292	4.432	4.709	5.012	5.185	5.307	5.496	5.623	5.875	6.345
55.7	-0.3833	4.7361	0.09116	3.624	3.863	4.011	4.094	4.225	4.316	4.457	4.736	5.04	5.215	5.337	5.527	5.655	5.909	6.381
55.8	-0.3833	4.7628	0.09116	3.645	3.884	4.034	4.117	4.248	4.341	4.482	4.763	5.069	5.244	5.367	5.558	5.687	5.942	6.417
55.9	-0.3833	4.7895	0.09117	3.665	3.906	4.057	4.14	4.272	4.365	4.507	4.79	5.097	5.273	5.398	5.589	5.719	5.975	6.453
56	-0.3833	4.8162	0.09118	3.686	3.928	4.079	4.163	4.296	4.389	4.532	4.816	5.125	5.303	5.428	5.621	5.751	6.009	6.489
56.1	-0.3833	4.843	0.09119	3.706	3.949	4.102	4.186	4.32	4.414	4.557	4.843	5.154	5.332	5.458	5.652	5.783	6.042	6.526
56.2	-0.3833	4.8697	0.09119	3.726	3.971	4.124	4.209	4.344	4.438	4.582	4.87	5.182	5.362	5.488	5.683	5.815	6.076	6.562
56.3	-0.3833	4.8964	0.0912	3.747	3.993	4.147	4.232	4.367	4.462	4.608	4.896	5.211	5.391	5.518	5.714	5.847	6.109	6.598
56.4	-0.3833	4.9232	0.09121	3.767	4.015	4.17	4.255	4.391	4.487	4.633	4.923	5.239	5.421	5.549	5.746	5.879	6.143	6.634
56.5	-0.3833	4.95	0.09121	3.788	4.037	4.192	4.278	4.415	4.511	4.658	4.95	5.268	5.45	5.579	5.777	5.911	6.176	6.67
56.6	-0.3833	4.9767	0.09122	3.808	4.058	4.215	4.301	4.439	4.535	4.683	4.977	5.296	5.48	5.609	5.808	5.943	6.21	6.707
56.7	-0.3833	5.0034	0.09123	3.828	4.08	4.237	4.324	4.463	4.56	4.708	5.003	5.325	5.509	5.639	5.84	5.975	6.243	6.743
56.8	-0.3833	5.0302	0.09123	3.849	4.102	4.26	4.347	4.487	4.584	4.733	5.03	5.353	5.539	5.669	5.871	6.007	6.277	6.779
56.9	-0.3833	5.0569	0.09124	3.869	4.123	4.283	4.37	4.51	4.608	4.758	5.057	5.382	5.568	5.7	5.902	6.039	6.31	6.815
57	-0.3833	5.0837	0.09125	3.889	4.145	4.305	4.393	4.534	4.633	4.784	5.084	5.41	5.598	5.73	5.934	6.071	6.344	6.851
57.1	-0.3833	5.1104	0.09125	3.91	4.167	4.328	4.416	4.558	4.657	4.809	5.11	5.439	5.627	5.76	5.965	6.103	6.377	6.887
57.2	-0.3833	5.1371	0.09126	3.93	4.189	4.35	4.439	4.582	4.681	4.834	5.137	5.467	5.657	5.79	5.996	6.135	6.41	6.924
57.3	-0.3833	5.1639	0.09126	3.951	4.211	4.373	4.463	4.606	4.706	4.859	5.164	5.496	5.686	5.82	6.027	6.167	6.444	6.96
57.4	-0.3833	5.1906	0.09127	3.971	4.232	4.396	4.486	4.629	4.73	4.884	5.191	5.524	5.716	5.85	6.059	6.199	6.477	6.996
57.5	-0.3833	5.2173	0.09128	3.991	4.254	4.418	4.509	4.653	4.754	4.909	5.217	5.553	5.745	5.881	6.09	6.231	6.511	7.032
57.6	-0.3833	5.244	0.09128	4.012	4.276	4.441	4.532	4.677	4.779	4.934	5.244	5.581	5.774	5.911	6.121	6.263	6.544	7.068
57.7	-0.3833	5.2707	0.09129	4.032	4.297	4.463	4.555	4.701	4.803	4.959	5.271	5.61	5.804	5.941	6.152	6.295	6.578	7.104
57.8	-0.3833	5.2974	0.09129	4.053	4.319	4.486	4.578	4.725	4.827	4.985	5.297	5.638	5.833	5.971	6.183	6.327	6.611	7.14
57.9	-0.3833	5.324	0.0913	4.073	4.341	4.508	4.601	4.748	4.851	5.01	5.324	5.666	5.863	6.001	6.215	6.359	6.644	7.177
58	-0.3833	5.3507	0.0913	4.093	4.362	4.531	4.624	4.772	4.876	5.035	5.351	5.695	5.892	6.031	6.246	6.391	6.678	7.213
58.1	-0.3833	5.3773	0.09131	4.113	4.384	4.553	4.647	4.796	4.9	5.06	5.377	5.723	5.921	6.061	6.277	6.423	6.711	7.249
58.2	-0.3833	5.4039	0.09131	4.134	4.406	4.576	4.67	4.819	4.924	5.085	5.404	5.751	5.951	6.091	6.308	6.454	6.744	7.284
58.3	-0.3833	5.4304	0.09131	4.154	4.427	4.598	4.693	4.843	4.948	5.11	5.43	5.78	5.98	6.121	6.339	6.486	6.777	7.32
58.4	-0.3833	5.4569	0.09132	4.174	4.449	4.621	4.715	4.867	4.972	5.135	5.457	5.808	6.009	6.151	6.37	6.518	6.811	7.356
58.5	-0.3833	5.4834	0.09132	4.194	4.47	4.643	4.738	4.89	4.997	5.16	5.483	5.836	6.038	6.181	6.401	6.55	6.844	7.392
58.6	-0.3833	5.5098	0.09133	4.215	4.492	4.665	4.761	4.914	5.021	5.184	5.51	5.864	6.067	6.211	6.432	6.581	6.877	7.428
58.7	-0.3833	5.5362	0.09133	4.235	4.513	4.688	4.784	4.937	5.045	5.209	5.536	5.892	6.097	6.24	6.463	6.613	6.91	7.463
58.8	-0.3833	5.5625	0.09133	4.255	4.535	4.71	4.807	4.961	5.069	5.234	5.563	5.92	6.126	6.27	6.493	6.644	6.943	7.499
58.9	-0.3833	5.5888	0.09134	4.275	4.556	4.732	4.829	4.984	5.093	5.259	5.589	5.948	6.155	6.3	6.524	6.676	6.976	7.535
59	-0.3833	5.6151	0.09134	4.295	4.578	4.754	4.852	5.008	5.116	5.283	5.615	5.976	6.184	6.33	6.555	6.707	7.008	7.57
59.1	-0.3833	5.6413	0.09134	4.315	4.599	4.777	4.875	5.031	5.14	5.308	5.641	6.004	6.212	6.359	6.585	6.738	7.041	7.605
59.2	-0.3833	5.6674	0.09135	4.335	4.62	4.799	4.897	5.054	5.164	5.333	5.667	6.032	6.241	6.389	6.616	6.77	7.074	7.641
59.3	-0.3833	5.6935	0.09135	4.355	4.641	4.821	4.92	5.077	5.188	5.357	5.694	6.06	6.27	6.418	6.646	6.801	7.106	7.676
59.4	-0.3833	5.7195	0.09135	4.375	4.663	4.843	4.942	5.101	5.212	5.382	5.72	6.087	6.299	6.447	6.677	6.832	7.139	7.711
59.5	-0.3833	5.7454	0.09135	4.395	4.684	4.865	4.964	5.124	5.235	5.406	5.745	6.115	6.327	6.476	6.707	6.863	7.171	7.746
59.6	-0.3833	5.7713	0.09136	4.414	4.705	4.887	4.987	5.147	5.259	5.43	5.771	6.143	6.356	6.506	6.737	6.894	7.204	7.781
59.7	-0.3833	5.7971	0.09136	4.434	4.726	4.908	5.009	5.17	5.282	5.455	5.797	6.17	6.384	6.535	6.768	6.925	7.236	7.816
59.8	-0.3833	5.8229	0.09136	4.454	4.747	4.93	5.031	5.193	5.306	5.479	5.823	6.198	6.412	6.564	6.798	6.956	7.268	7.851
59.9	-0.3833	5.8485	0.09136	4.473	4.768	4.952	5.053	5.216	5.329	5.503	5.849	6.225	6.441	6.593	6.828	6.986	7.3	7.885
60	-0.3833	5.8742	0.09136	4.493	4.789	4.974	5.076	5.239	5.352	5.527	5.874	6.252	6.469	6.622	6.858	7.017	7.332	7.92
60.1	-0.3833	5.8997	0.09136	4.512	4.809	4.995	5.098	5.261	5.376	5.551	5.9	6.279	6.497	6.651	6.887	7.047	7.364	7.954
60.2	-0.3833	5.9252	0.09137	4.532	4.83	5.017	5.12	5.284	5.399	5.575	5.925	6.307	6.525	6.679	6.917	7.078	7.396	7.989
60.3	-0.3833	5.9507	0.09137	4.551	4.851	5.038	5.142	5.307	5.422	5.599	5.951	6.334	6.553	6.708	6.947	7.108	7.428	8.023
60.4	-0.3833	5.9761	0.09137	4.571	4.872	5.06	5.164	5.329	5.445	5.623	5.976	6.361	6.581	6.737	6.977	7.139	7.459	8.057
60.5	-0.3833	6.0014	0.09137	4.59	4.892	5.081	5.186	5.352	5.468	5.647	6.001	6.388	6.609	6.765	7.006	7.169	7.491	8.092
60.6	-0.3833	6.0266	0.09137	4.609	4.913	5.103	5.207	5.374	5.491	5.67	6.027	6.414	6.637	6.794	7.036	7.199	7.523	8.126
60.7	-0.3833	6.0518	0.09137	4.629	4.933	5.124	5.229	5.397	5.514	5.694	6.052	6.441	6.665	6.822	7.065	7.229	7.554	8.16
60.8	-0.3833	6.0769	0.09137	4.648	4.954	5.145	5.251	5.419	5.537	5.718	6.077	6.468	6.692	6.85	7.094	7.259	7.585	8.193
60.9	-0.3833	6.102	0.09137	4.667	4.974	5.166	5.272	5.442	5.56	5.741	6.102	6.495	6.72	6.879	7.124	7.289	7.617	8.227
61	-0.3833	6.127	0.09137	4.686	4.995	5.188	5.294	5.464	5.583	5.765	6.127	6.521	6.747	6.907	7.153	7.319	7.648	8.261
61.1	-0.3833	6.1519	0.09137	4.705	5.015	5.209	5.316	5.486	5.605	5.788	6.152	6.548	6.775	6.935	7.182	7.349	7.679	8.295
61.2	-0.3833	6.1768	0.09136	4.724	5.035	5.23	5.337	5.508	5.628	5.812	6.177	6.574	6.802	6.963	7.211	7.378	7.71	8.328
61.3	-0.3833	6.2017	0.09136	4.743	5.056	5.251	5.359	5.531	5.651	5.835	6.202	6.601	6.83	6.991	7.24	7.408	7.741	8.361
61.4	-0.3833	6.2264	0.09136	4.762	5.076	5.272	5.38	5.553	5.673	5.858	6.226	6.627	6.857	7.019	7.269	7.438	7.772	8.395
61.5	-0.3833	6.2511	0.09136	4.781	5.096	5.293	5.401	5.575	5.696	5.882	6.251	6.653	6.884	7.047	7.298	7.467	7.803	8.428
61.6	-0.3833	6.2758	0.09136	4.8	5.116	5.314	5.423	5.597	5.718	5.905	6.276	6.68	6.911	7.074	7.326	7.497	7.833	8.461
61.7	-0.3833	6.3004	0.09136	4.819	5.136	5.335	5.444	5.619	5.741	5.928	6.3	6.706	6.938	7.102	7.355	7.526	7.864	8.494
61.8	-0.3833	6.3249	0.09135	4.838	5.156	5.355	5.465	5.641	5.763	5.951	6.325	6.732	6.965	7.13	7.384	7.555	7.894	8.527
61.9	-0.3833	6.3494	0.09135	4.857	5.176	5.376	5.486	5.662	5.786	5.974	6.349	6.758	6.992	7.157	7.412	7.584	7.925	8.56
62	-0.3833	6.3738	0.09135	4.875	5.196	5.397	5.507	5.684	5.808	5.997	6.374	6.784	7.019	7.185	7.441	7.614	7.956	8.593
62.1	-0.3833	6.3981	0.09135	4.894	5.216	5.417	5.528	5.706	5.83	6.02	6.398	6.81	7.046	7.212	7.469	7.643	7.986	8.626
62.2	-0.3833	6.4224	0.09134	4.912	5.236	5.438	5.55	5.728	5.852	6.043	6.422	6.836	7.073	7.24	7.497	7.671	8.016	8.658
62.3	-0.3833	6.4466	0.09134	4.931	5.255	5.459	5.57	5.749	5.874	6.066	6.447	6.861	7.099	7.267	7.525	7.7	8.046	8.691
62.4	-0.3833	6.4708	0.09134	4.95	5.275	5.479	5.591	5.771	5.896	6.089	6.471	6.887	7.126	7.294	7.554	7.729	8.076	8.724
62.5	-0.3833	6.4948	0.09133	4.968	5.295	5.499	5.612	5.792	5.918	6.111	6.495	6.913	7.152	7.321	7.582	7.758	8.106	8.756
62.6	-0.3833	6.5189	0.09133	4.986	5.315	5.52	5.633	5.814	5.94	6.134	6.519	6.938	7.179	7.348	7.61	7.787	8.136	8.788
62.7	-0.3833	6.5429	0.09133	5.005	5.334	5.54	5.654	5.835	5.962	6.156	6.543	6.964	7.205	7.375	7.638	7.815	8.166	8.82
62.8	-0.3833	6.5668	0.09132	5.023	5.354	5.561	5.675	5.856	5.984	6.179	6.567	6.989	7.231	7.402	7.666	7.844	8.196	8.852
62.9	-0.3833	6.5906	0.09132	5.041	5.373	5.581	5.695	5.878	6.005	6.201	6.591	7.014	7.258	7.429	7.693	7.872	8.225	8.884
63	-0.3833	6.6144	0.09131	5.06	5.393	5.601	5.716	5.899	6.027	6.224	6.614	7.04	7.284	7.456	7.721	7.9	8.255	8.916
63.1	-0.3833	6.6382	0.09131	5.078	5.412	5.621	5.736	5.92	6.049	6.246	6.638	7.065	7.31	7.482	7.749	7.929	8.285	8.948
63.2	-0.3833	6.6619	0.0913	5.096	5.431	5.641	5.757	5.941	6.071	6.269	6.662	7.09	7.336	7.509	7.776	7.957	8.314	8.98
63.3	-0.3833	6.6856	0.0913	5.114	5.451	5.661	5.777	5.963	6.092	6.291	6.686	7.115	7.362	7.536	7.804	7.985	8.344	9.012
63.4	-0.3833	6.7092	0.09129	5.133	5.47	5.681	5.798	5.984	6.114	6.313	6.709	7.141	7.388	7.562	7.831	8.013	8.373	9.043
63.5	-0.3833	6.7328	0.09129	5.151	5.489	5.701	5.818	6.005	6.135	6.335	6.733	7.166	7.414	7.589	7.859	8.041	8.402	9.075
63.6	-0.3833	6.7563	0.09128	5.169	5.509	5.721	5.839	6.026	6.157	6.357	6.756	7.191	7.44	7.615	7.886	8.069	8.431	9.107
63.7	-0.3833	6.7798	0.09128	5.187	5.528	5.741	5.859	6.047	6.178	6.38	6.78	7.216	7.466	7.642	7.914	8.097	8.461	9.138
63.8	-0.3833	6.8033	0.09127	5.205	5.547	5.761	5.879	6.068	6.2	6.402	6.803	7.241	7.491	7.668	7.941	8.125	8.49	9.17
63.9	-0.3833	6.8267	0.09127	5.223	5.566	5.781	5.9	6.089	6.221	6.424	6.827	7.266	7.517	7.695	7.968	8.153	8.519	9.201
64	-0.3833	6.8501	0.09126	5.241	5.585	5.801	5.92	6.11	6.242	6.446	6.85	7.29	7.543	7.721	7.995	8.181	8.548	9.232
64.1	-0.3833	6.8734	0.09125	5.259	5.605	5.821	5.94	6.13	6.264	6.468	6.873	7.315	7.568	7.747	8.022	8.209	8.577	9.263
64.2	-0.3833	6.8967	0.09125	5.277	5.624	5.841	5.96	6.151	6.285	6.49	6.897	7.34	7.594	7.773	8.05	8.236	8.606	9.295
64.3	-0.3833	6.9199	0.09124	5.294	5.643	5.86	5.98	6.172	6.306	6.512	6.92	7.365	7.62	7.799	8.077	8.264	8.635	9.326
64.4	-0.3833	6.9431	0.09123	5.312	5.662	5.88	6.001	6.193	6.327	6.533	6.943	7.389	7.645	7.825	8.104	8.292	8.663	9.357
64.5	-0.3833	6.9662	0.09123	5.33	5.68	5.9	6.02	6.213	6.348	6.555	6.966	7.414	7.67	7.851	8.13	8.319	8.692	9.388
64.6	-0.3833	6.9893	0.09122	5.348	5.699	5.919	6.041	6.234	6.369	6.577	6.989	7.438	7.696	7.877	8.157	8.347	8.721	9.419
64.7	-0.3833	7.0124	0.09121	5.366	5.718	5.939	6.061	6.255	6.391	6.599	7.012	7.463	7.721	7.903	8.184	8.374	8.749	9.449
64.8	-0.3833	7.0354	0.0912	5.383	5.737	5.959	6.081	6.275	6.412	6.62	7.035	7.487	7.746	7.929	8.211	8.401	8.778	9.48
64.9	-0.3833	7.0583	0.0912	5.401	5.756	5.978	6.1	6.296	6.432	6.642	7.058	7.512	7.772	7.955	8.238	8.429	8.807	9.511
65	-0.3833	7.0812	0.09119	5.419	5.775	5.997	6.12	6.316	6.453	6.664	7.081	7.536	7.797	7.981	8.264	8.456	8.835	9.542
65.1	-0.3833	7.1041	0.09118	5.436	5.794	6.017	6.14	6.337	6.474	6.685	7.104	7.56	7.822	8.006	8.291	8.483	8.863	9.572
65.2	-0.3833	7.1269	0.09117	5.454	5.812	6.036	6.16	6.357	6.495	6.707	7.127	7.584	7.847	8.032	8.317	8.51	8.891	9.602
65.3	-0.3833	7.1497	0.09116	5.472	5.831	6.056	6.18	6.378	6.516	6.728	7.15	7.609	7.872	8.057	8.344	8.537	8.92	9.633
65.4	-0.3833	7.1724	0.09116	5.489	5.849	6.075	6.199	6.398	6.537	6.749	7.172	7.633	7.897	8.083	8.37	8.564	8.948	9.663
65.5	-0.3833	7.195	0.09115	5.506	5.868	6.094	6.219	6.418	6.557	6.771	7.195	7.657	7.922	8.108	8.396	8.591	8.976	9.694
65.6	-0.3833	7.2177	0.09114	5.524	5.887	6.114	6.239	6.438	6.578	6.792	7.218	7.681	7.947	8.134	8.423	8.618	9.004	9.724
65.7	-0.3833	7.2402	0.09113	5.541	5.905	6.133	6.258	6.459	6.599	6.813	7.24	7.705	7.971	8.159	8.449	8.645	9.032	9.754
65.8	-0.3833	7.2627	0.09112	5.559	5.924	6.152	6.278	6.479	6.619	6.835	7.263	7.729	7.996	8.184	8.475	8.671	9.06	9.784
65.9	-0.3833	7.2852	0.09111	5.576	5.942	6.171	6.297	6.499	6.64	6.856	7.285	7.753	8.021	8.21	8.501	8.698	9.088	9.814
66	-0.3833	7.3076	0.0911	5.593	5.96	6.19	6.317	6.519	6.66	6.877	7.308	7.776	8.045	8.235	8.527	8.725	9.115	9.844
66.1	-0.3833	7.33	0.09109	5.611	5.979	6.209	6.336	6.539	6.681	6.898	7.33	7.8	8.07	8.26	8.553	8.751	9.143	9.873
66.2	-0.3833	7.3523	0.09109	5.628	5.997	6.228	6.356	6.559	6.701	6.919	7.352	7.824	8.094	8.285	8.579	8.778	9.171	9.903
66.3	-0.3833	7.3745	0.09108	5.645	6.015	6.247	6.375	6.579	6.721	6.94	7.375	7.848	8.119	8.31	8.605	8.804	9.198	9.933
66.4	-0.3833	7.3967	0.09107	5.662	6.034	6.266	6.394	6.599	6.742	6.961	7.397	7.871	8.143	8.335	8.631	8.83	9.226	9.963
66.5	-0.3833	7.4189	0.09106	5.679	6.052	6.285	6.413	6.618	6.762	6.982	7.419	7.895	8.167	8.36	8.656	8.857	9.253	9.992
66.6	-0.3833	7.441	0.09105	5.696	6.07	6.304	6.433	6.638	6.782	7.003	7.441	7.918	8.192	8.384	8.682	8.883	9.28	10.021
66.7	-0.3833	7.463	0.09104	5.713	6.088	6.322	6.452	6.658	6.802	7.024	7.463	7.941	8.216	8.409	8.707	8.909	9.308	10.051
66.8	-0.3833	7.485	0.09103	5.73	6.106	6.341	6.471	6.678	6.822	7.044	7.485	7.965	8.24	8.434	8.733	8.935	9.335	10.08
66.9	-0.3833	7.5069	0.09102	5.747	6.124	6.36	6.49	6.697	6.842	7.065	7.507	7.988	8.264	8.458	8.758	8.961	9.362	10.109
67	-0.3833	7.5288	0.09101	5.764	6.142	6.379	6.509	6.717	6.863	7.086	7.529	8.011	8.288	8.483	8.784	8.987	9.389	10.138
67.1	-0.3833	7.5507	0.091	5.781	6.16	6.397	6.528	6.737	6.883	7.106	7.551	8.035	8.312	8.508	8.809	9.013	9.416	10.167
67.2	-0.3833	7.5724	0.09099	5.798	6.178	6.416	6.547	6.756	6.902	7.127	7.572	8.058	8.336	8.532	8.834	9.039	9.443	10.196
67.3	-0.3833	7.5942	0.09098	5.815	6.196	6.434	6.566	6.776	6.922	7.147	7.594	8.081	8.36	8.556	8.86	9.065	9.47	10.225
67.4	-0.3833	7.6158	0.09097	5.831	6.214	6.453	6.585	6.795	6.942	7.168	7.616	8.104	8.383	8.581	8.885	9.09	9.497	10.254
67.5	-0.3833	7.6375	0.09096	5.848	6.231	6.471	6.603	6.814	6.962	7.188	7.638	8.127	8.407	8.605	8.91	9.116	9.523	10.283
67.6	-0.3833	7.659	0.09095	5.865	6.249	6.49	6.622	6.834	6.982	7.208	7.659	8.15	8.431	8.629	8.935	9.141	9.55	10.312
67.7	-0.3833	7.6806	0.09094	5.881	6.267	6.508	6.641	6.853	7.001	7.229	7.681	8.172	8.454	8.653	8.96	9.167	9.577	10.34
67.8	-0.3833	7.702	0.09093	5.898	6.284	6.526	6.659	6.872	7.021	7.249	7.702	8.195	8.478	8.677	8.985	9.192	9.603	10.369
67.9	-0.3833	7.7234	0.09091	5.915	6.302	6.545	6.678	6.891	7.041	7.269	7.723	8.218	8.501	8.701	9.009	9.217	9.629	10.397
68	-0.3833	7.7448	0.0909	5.931	6.32	6.563	6.697	6.911	7.06	7.289	7.745	8.241	8.525	8.725	9.034	9.243	9.656	10.425
68.1	-0.3833	7.7661	0.09089	5.948	6.337	6.581	6.715	6.93	7.08	7.309	7.766	8.263	8.548	8.749	9.059	9.268	9.682	10.454
68.2	-0.3833	7.7874	0.09088	5.964	6.355	6.599	6.734	6.949	7.099	7.33	7.787	8.286	8.571	8.773	9.083	9.293	9.708	10.482
68.3	-0.3833	7.8086	0.09087	5.981	6.372	6.617	6.752	6.968	7.119	7.35	7.809	8.308	8.595	8.797	9.108	9.318	9.735	10.51
68.4	-0.3833	7.8298	0.09086	5.997	6.39	6.635	6.771	6.987	7.138	7.37	7.83	8.331	8.618	8.82	9.133	9.343	9.761	10.538
68.5	-0.3833	7.8509	0.09085	6.013	6.407	6.653	6.789	7.006	7.157	7.389	7.851	8.353	8.641	8.844	9.157	9.368	9.787	10.566
68.6	-0.3833	7.872	0.09084	6.03	6.424	6.671	6.807	7.025	7.177	7.409	7.872	8.376	8.664	8.868	9.181	9.393	9.813	10.594
68.7	-0.3833	7.893	0.09083	6.046	6.442	6.689	6.826	7.043	7.196	7.429	7.893	8.398	8.687	8.891	9.206	9.418	9.839	10.622
68.8	-0.3833	7.914	0.09082	6.062	6.459	6.707	6.844	7.062	7.215	7.449	7.914	8.42	8.71	8.915	9.23	9.443	9.865	10.65
68.9	-0.3833	7.935	0.0908	6.079	6.476	6.725	6.862	7.081	7.234	7.469	7.935	8.442	8.733	8.938	9.254	9.468	9.89	10.678
69	-0.3833	7.9559	0.09079	6.095	6.494	6.743	6.881	7.1	7.253	7.489	7.956	8.464	8.756	8.962	9.278	9.493	9.916	10.705
69.1	-0.3833	7.9768	0.09078	6.111	6.511	6.761	6.899	7.119	7.273	7.508	7.977	8.487	8.779	8.985	9.303	9.517	9.942	10.733
69.2	-0.3833	7.9976	0.09077	6.127	6.528	6.779	6.917	7.137	7.292	7.528	7.998	8.509	8.802	9.008	9.327	9.542	9.968	10.761
69.3	-0.3833	8.0184	0.09076	6.143	6.545	6.796	6.935	7.156	7.311	7.548	8.018	8.531	8.825	9.032	9.351	9.567	9.993	10.788
69.4	-0.3833	8.0392	0.09075	6.159	6.562	6.814	6.953	7.175	7.33	7.567	8.039	8.553	8.847	9.055	9.375	9.591	10.019	10.816
69.5	-0.3833	8.0599	0.09074	6.175	6.579	6.832	6.971	7.193	7.349	7.587	8.06	8.575	8.87	9.078	9.399	9.616	10.044	10.843
69.6	-0.3833	8.0806	0.09072	6.192	6.596	6.85	6.989	7.212	7.368	7.606	8.081	8.597	8.893	9.101	9.423	9.64	10.07	10.87
69.7	-0.3833	8.1012	0.09071	6.207	6.613	6.867	7.007	7.23	7.386	7.626	8.101	8.619	8.915	9.124	9.447	9.664	10.095	10.898
69.8	-0.3833	8.1218	0.0907	6.223	6.63	6.885	7.025	7.249	7.405	7.645	8.122	8.64	8.938	9.147	9.47	9.689	10.121	10.925
69.9	-0.3833	8.1424	0.09069	6.239	6.647	6.902	7.043	7.267	7.424	7.665	8.142	8.662	8.96	9.17	9.494	9.713	10.146	10.952
70	-0.3833	8.163	0.09068	6.255	6.664	6.92	7.061	7.286	7.443	7.684	8.163	8.684	8.983	9.193	9.518	9.738	10.171	10.98
70.1	-0.3833	8.1835	0.09067	6.271	6.681	6.937	7.079	7.304	7.462	7.703	8.184	8.706	9.005	9.216	9.542	9.762	10.197	11.007
70.2	-0.3833	8.2039	0.09065	6.287	6.698	6.955	7.097	7.322	7.481	7.723	8.204	8.728	9.028	9.239	9.565	9.786	10.222	11.034
70.3	-0.3833	8.2244	0.09064	6.303	6.715	6.972	7.114	7.341	7.499	7.742	8.224	8.749	9.05	9.262	9.589	9.81	10.247	11.061
70.4	-0.3833	8.2448	0.09063	6.319	6.732	6.99	7.132	7.359	7.518	7.761	8.245	8.771	9.072	9.285	9.613	9.834	10.272	11.088
70.5	-0.3833	8.2651	0.09062	6.335	6.748	7.007	7.15	7.377	7.537	7.781	8.265	8.792	9.095	9.308	9.636	9.858	10.297	11.115
70.6	-0.3833	8.2855	0.09061	6.35	6.765	7.025	7.168	7.396	7.555	7.8	8.286	8.814	9.117	9.331	9.66	9.882	10.322	11.142
70.7	-0.3833	8.3058	0.09059	6.366	6.782	7.042	7.185	7.414	7.574	7.819	8.306	8.836	9.139	9.353	9.683	9.906	10.347	11.168
70.8	-0.3833	8.3261	0.09058	6.382	6.799	7.059	7.203	7.432	7.593	7.838	8.326	8.857	9.161	9.376	9.707	9.93	10.372	11.195
70.9	-0.3833	8.3464	0.09057	6.398	6.816	7.077	7.221	7.45	7.611	7.857	8.346	8.879	9.184	9.399	9.73	9.954	10.397	11.222
71	-0.3833	8.3666	0.09056	6.414	6.832	7.094	7.238	7.469	7.63	7.876	8.367	8.9	9.206	9.421	9.754	9.978	10.422	11.249
71.1	-0.3833	8.3869	0.09055	6.429	6.849	7.111	7.256	7.487	7.648	7.896	8.387	8.922	9.228	9.444	9.777	10.002	10.447	11.276
71.2	-0.3833	8.4071	0.09053	6.445	6.866	7.129	7.274	7.505	7.667	7.915	8.407	8.943	9.25	9.466	9.8	10.026	10.472	11.302
71.3	-0.3833	8.4273	0.09052	6.461	6.882	7.146	7.291	7.523	7.685	7.934	8.427	8.964	9.272	9.489	9.824	10.05	10.497	11.329
71.4	-0.3833	8.4474	0.09051	6.476	6.899	7.163	7.309	7.541	7.704	7.953	8.447	8.986	9.294	9.512	9.847	10.073	10.521	11.356
71.5	-0.3833	8.4676	0.0905	6.492	6.916	7.18	7.326	7.559	7.722	7.972	8.468	9.007	9.316	9.534	9.87	10.097	10.546	11.382
71.6	-0.3833	8.4877	0.09048	6.508	6.932	7.198	7.344	7.577	7.741	7.991	8.488	9.028	9.338	9.557	9.893	10.121	10.571	11.409
71.7	-0.3833	8.5078	0.09047	6.523	6.949	7.215	7.361	7.595	7.759	8.01	8.508	9.05	9.36	9.579	9.917	10.145	10.595	11.435
71.8	-0.3833	8.5278	0.09046	6.539	6.965	7.232	7.379	7.613	7.777	8.029	8.528	9.071	9.382	9.601	9.94	10.168	10.62	11.462
71.9	-0.3833	8.5479	0.09045	6.555	6.982	7.249	7.396	7.631	7.796	8.048	8.548	9.092	9.404	9.624	9.963	10.192	10.645	11.488
72	-0.3833	8.5679	0.09043	6.57	6.999	7.266	7.414	7.649	7.814	8.067	8.568	9.113	9.426	9.646	9.986	10.215	10.669	11.514
72.1	-0.3833	8.5879	0.09042	6.586	7.015	7.283	7.431	7.667	7.833	8.085	8.588	9.135	9.448	9.669	10.009	10.239	10.694	11.541
72.2	-0.3833	8.6078	0.09041	6.601	7.031	7.3	7.449	7.685	7.851	8.104	8.608	9.156	9.47	9.691	10.032	10.263	10.718	11.567
72.3	-0.3833	8.6277	0.0904	6.617	7.048	7.317	7.466	7.703	7.869	8.123	8.628	9.177	9.491	9.713	10.055	10.286	10.743	11.594
72.4	-0.3833	8.6476	0.09039	6.632	7.064	7.334	7.483	7.721	7.887	8.142	8.648	9.198	9.513	9.735	10.078	10.31	10.767	11.62
72.5	-0.3833	8.6674	0.09037	6.648	7.081	7.352	7.501	7.739	7.905	8.161	8.667	9.219	9.535	9.757	10.101	10.333	10.791	11.646
72.6	-0.3833	8.6872	0.09036	6.663	7.097	7.368	7.518	7.757	7.924	8.179	8.687	9.24	9.557	9.78	10.124	10.356	10.816	11.672
72.7	-0.3833	8.707	0.09035	6.678	7.113	7.385	7.535	7.774	7.942	8.198	8.707	9.261	9.578	9.802	10.147	10.38	10.84	11.698
72.8	-0.3833	8.7267	0.09034	6.694	7.13	7.402	7.552	7.792	7.96	8.217	8.727	9.282	9.6	9.824	10.169	10.403	10.864	11.724
72.9	-0.3833	8.7464	0.09032	6.709	7.146	7.419	7.57	7.81	7.978	8.235	8.746	9.303	9.621	9.846	10.192	10.426	10.888	11.75
73	-0.3833	8.7661	0.09031	6.724	7.162	7.436	7.587	7.828	7.996	8.254	8.766	9.323	9.643	9.868	10.215	10.449	10.913	11.776
73.1	-0.3833	8.7857	0.0903	6.74	7.178	7.453	7.604	7.845	8.014	8.272	8.786	9.344	9.664	9.89	10.237	10.472	10.937	11.802
73.2	-0.3833	8.8053	0.09028	6.755	7.195	7.47	7.621	7.863	8.032	8.291	8.805	9.365	9.686	9.912	10.26	10.495	10.961	11.827
73.3	-0.3833	8.8248	0.09027	6.77	7.211	7.486	7.638	7.88	8.05	8.309	8.825	9.386	9.707	9.933	10.282	10.518	10.985	11.853
73.4	-0.3833	8.8443	0.09026	6.785	7.227	7.503	7.655	7.898	8.068	8.328	8.844	9.406	9.728	9.955	10.305	10.541	11.009	11.879
73.5	-0.3833	8.8638	0.09025	6.801	7.243	7.52	7.672	7.915	8.086	8.346	8.864	9.427	9.75	9.977	10.328	10.564	11.033	11.905
73.6	-0.3833	8.8831	0.09023	6.816	7.259	7.536	7.689	7.933	8.103	8.364	8.883	9.447	9.771	9.998	10.35	10.587	11.056	11.93
73.7	-0.3833	8.9025	0.09022	6.831	7.275	7.553	7.706	7.95	8.121	8.383	8.903	9.468	9.792	10.02	10.372	10.61	11.08	11.955
73.8	-0.3833	8.9217	0.09021	6.846	7.291	7.569	7.723	7.967	8.139	8.401	8.922	9.488	9.813	10.042	10.394	10.633	11.104	11.981
73.9	-0.3833	8.941	0.0902	6.861	7.307	7.586	7.74	7.985	8.156	8.419	8.941	9.509	9.834	10.063	10.417	10.655	11.127	12.006
74	-0.3833	8.9601	0.09018	6.876	7.323	7.602	7.756	8.002	8.174	8.437	8.96	9.529	9.855	10.084	10.438	10.678	11.151	12.031
74.1	-0.3833	8.9792	0.09017	6.891	7.339	7.619	7.773	8.019	8.191	8.455	8.979	9.549	9.876	10.106	10.461	10.7	11.174	12.056
74.2	-0.3833	8.9983	0.09016	6.905	7.354	7.635	7.79	8.036	8.209	8.473	8.998	9.569	9.897	10.127	10.483	10.723	11.198	12.082
74.3	-0.3833	9.0173	0.09014	6.92	7.37	7.651	7.806	8.054	8.226	8.491	9.017	9.589	9.917	10.148	10.504	10.745	11.221	12.106
74.4	-0.3833	9.0363	0.09013	6.935	7.386	7.668	7.823	8.071	8.244	8.509	9.036	9.61	9.938	10.169	10.526	10.767	11.244	12.131
74.5	-0.3833	9.0552	0.09012	6.95	7.402	7.684	7.839	8.088	8.261	8.527	9.055	9.63	9.959	10.191	10.548	10.79	11.267	12.156
74.6	-0.3833	9.074	0.09011	6.965	7.417	7.7	7.856	8.104	8.278	8.545	9.074	9.65	9.979	10.212	10.57	10.812	11.29	12.181
74.7	-0.3833	9.0928	0.09009	6.979	7.433	7.716	7.872	8.121	8.296	8.563	9.093	9.669	10	10.233	10.591	10.834	11.313	12.205
74.8	-0.3833	9.1116	0.09008	6.994	7.448	7.732	7.889	8.138	8.313	8.58	9.112	9.689	10.02	10.254	10.613	10.856	11.336	12.23
74.9	-0.3833	9.1303	0.09007	7.009	7.464	7.748	7.905	8.155	8.33	8.598	9.13	9.709	10.041	10.274	10.635	10.878	11.359	12.255
75	-0.3833	9.149	0.09005	7.023	7.479	7.764	7.921	8.172	8.347	8.616	9.149	9.729	10.061	10.295	10.656	10.9	11.382	12.279
75.1	-0.3833	9.1676	0.09004	7.038	7.495	7.78	7.938	8.189	8.364	8.633	9.168	9.749	10.082	10.316	10.678	10.922	11.405	12.304
75.2	-0.3833	9.1862	0.09003	7.052	7.51	7.796	7.954	8.205	8.381	8.651	9.186	9.768	10.102	10.337	10.699	10.944	11.428	12.328
75.3	-0.3833	9.2048	0.09001	7.067	7.526	7.812	7.97	8.222	8.399	8.669	9.205	9.788	10.122	10.357	10.72	10.966	11.45	12.352
75.4	-0.3833	9.2233	0.09	7.081	7.541	7.828	7.986	8.239	8.416	8.686	9.223	9.808	10.142	10.378	10.742	10.987	11.473	12.377
75.5	-0.3833	9.2418	0.08999	7.096	7.556	7.844	8.003	8.256	8.433	8.704	9.242	9.827	10.163	10.399	10.763	11.009	11.496	12.401
75.6	-0.3833	9.2602	0.08997	7.11	7.572	7.86	8.019	8.272	8.449	8.721	9.26	9.847	10.183	10.419	10.784	11.031	11.518	12.425
75.7	-0.3833	9.2786	0.08996	7.125	7.587	7.876	8.035	8.289	8.466	8.738	9.279	9.866	10.203	10.44	10.805	11.052	11.54	12.449
75.8	-0.3833	9.297	0.08995	7.139	7.602	7.891	8.051	8.305	8.483	8.756	9.297	9.886	10.223	10.46	10.827	11.074	11.563	12.474
75.9	-0.3833	9.3154	0.08993	7.153	7.617	7.907	8.067	8.322	8.5	8.773	9.315	9.905	10.243	10.481	10.848	11.096	11.585	12.497
76	-0.3833	9.3337	0.08992	7.168	7.632	7.923	8.083	8.338	8.517	8.791	9.334	9.924	10.263	10.501	10.869	11.117	11.608	12.521
76.1	-0.3833	9.352	0.08991	7.182	7.648	7.939	8.099	8.355	8.534	8.808	9.352	9.944	10.283	10.522	10.89	11.139	11.63	12.546
76.2	-0.3833	9.3703	0.08989	7.196	7.663	7.954	8.115	8.371	8.551	8.825	9.37	9.963	10.303	10.542	10.911	11.16	11.652	12.569
76.3	-0.3833	9.3886	0.08988	7.211	7.678	7.97	8.131	8.388	8.567	8.842	9.389	9.983	10.323	10.562	10.932	11.182	11.675	12.593
76.4	-0.3833	9.4069	0.08987	7.225	7.693	7.986	8.147	8.404	8.584	8.86	9.407	10.002	10.343	10.583	10.953	11.203	11.697	12.618
76.5	-0.3833	9.4252	0.08985	7.239	7.708	8.002	8.163	8.421	8.601	8.877	9.425	10.021	10.363	10.603	10.974	11.224	11.72	12.641
76.6	-0.3833	9.4435	0.08984	7.254	7.724	8.017	8.179	8.437	8.618	8.894	9.444	10.041	10.383	10.624	10.995	11.246	11.742	12.665
76.7	-0.3833	9.4617	0.08983	7.268	7.739	8.033	8.195	8.454	8.635	8.912	9.462	10.06	10.403	10.644	11.016	11.268	11.764	12.689
76.8	-0.3833	9.48	0.08981	7.282	7.754	8.049	8.211	8.47	8.651	8.929	9.48	10.079	10.423	10.664	11.037	11.289	11.786	12.713
76.9	-0.3833	9.4983	0.0898	7.297	7.769	8.064	8.227	8.487	8.668	8.946	9.498	10.099	10.443	10.685	11.058	11.31	11.809	12.737
77	-0.3833	9.5166	0.08979	7.311	7.784	8.08	8.243	8.503	8.685	8.964	9.517	10.118	10.463	10.705	11.079	11.332	11.831	12.761
77.1	-0.3833	9.535	0.08977	7.325	7.8	8.096	8.259	8.52	8.702	8.981	9.535	10.137	10.483	10.726	11.1	11.353	11.854	12.785
77.2	-0.3833	9.5533	0.08976	7.34	7.815	8.112	8.275	8.536	8.719	8.998	9.553	10.157	10.503	10.746	11.121	11.375	11.876	12.809
77.3	-0.3833	9.5717	0.08975	7.354	7.83	8.127	8.291	8.553	8.736	9.016	9.572	10.176	10.523	10.767	11.143	11.397	11.899	12.833
77.4	-0.3833	9.5901	0.08973	7.368	7.845	8.143	8.308	8.569	8.753	9.033	9.59	10.196	10.543	10.787	11.164	11.418	11.921	12.857
77.5	-0.3833	9.6086	0.08972	7.383	7.861	8.159	8.324	8.586	8.77	9.051	9.609	10.215	10.563	10.808	11.185	11.44	11.944	12.881
77.6	-0.3833	9.6271	0.08971	7.397	7.876	8.175	8.34	8.603	8.787	9.068	9.627	10.235	10.583	10.828	11.206	11.462	11.966	12.906
77.7	-0.3833	9.6456	0.08969	7.412	7.891	8.191	8.356	8.619	8.804	9.086	9.646	10.254	10.603	10.849	11.227	11.483	11.989	12.93
77.8	-0.3833	9.6642	0.08968	7.426	7.907	8.207	8.372	8.636	8.821	9.103	9.664	10.274	10.624	10.87	11.249	11.505	12.012	12.954
77.9	-0.3833	9.6828	0.08966	7.441	7.922	8.223	8.389	8.653	8.838	9.121	9.683	10.294	10.644	10.89	11.27	11.527	12.034	12.978
78	-0.3833	9.7015	0.08965	7.456	7.938	8.239	8.405	8.67	8.855	9.139	9.702	10.314	10.664	10.911	11.292	11.549	12.057	13.003
78.1	-0.3833	9.7202	0.08964	7.47	7.953	8.255	8.421	8.687	8.872	9.156	9.72	10.333	10.685	10.932	11.313	11.571	12.08	13.027
78.2	-0.3833	9.739	0.08963	7.485	7.969	8.271	8.438	8.704	8.889	9.174	9.739	10.353	10.705	10.953	11.335	11.593	12.103	13.052
78.3	-0.3833	9.7578	0.08961	7.5	7.985	8.288	8.454	8.721	8.907	9.192	9.758	10.373	10.726	10.974	11.356	11.615	12.126	13.076
78.4	-0.3833	9.7767	0.0896	7.515	8	8.304	8.471	8.738	8.924	9.21	9.777	10.393	10.746	10.995	11.378	11.637	12.149	13.101
78.5	-0.3833	9.7957	0.08959	7.529	8.016	8.32	8.487	8.755	8.942	9.228	9.796	10.413	10.767	11.016	11.4	11.66	12.172	13.126
78.6	-0.3833	9.8147	0.08957	7.544	8.032	8.336	8.504	8.772	8.959	9.246	9.815	10.433	10.788	11.037	11.422	11.682	12.195	13.151
78.7	-0.3833	9.8338	0.08956	7.559	8.048	8.353	8.521	8.789	8.977	9.264	9.834	10.454	10.809	11.059	11.444	11.704	12.219	13.176
78.8	-0.3833	9.853	0.08955	7.574	8.064	8.369	8.538	8.806	8.994	9.282	9.853	10.474	10.83	11.08	11.466	11.727	12.242	13.201
78.9	-0.3833	9.8722	0.08953	7.589	8.08	8.386	8.555	8.824	9.012	9.3	9.872	10.494	10.85	11.101	11.488	11.749	12.265	13.226
79	-0.3833	9.8915	0.08952	7.605	8.096	8.402	8.571	8.841	9.03	9.318	9.892	10.515	10.872	11.123	11.51	11.772	12.289	13.251
79.1	-0.3833	9.9109	0.08951	7.62	8.112	8.419	8.588	8.858	9.047	9.337	9.911	10.535	10.893	11.144	11.533	11.795	12.313	13.277
79.2	-0.3833	9.9303	0.0895	7.635	8.128	8.436	8.605	8.876	9.065	9.355	9.93	10.556	10.914	11.166	11.555	11.818	12.337	13.303
79.3	-0.3833	9.9499	0.08948	7.65	8.144	8.453	8.623	8.894	9.083	9.374	9.95	10.576	10.935	11.188	11.577	11.841	12.36	13.328
79.4	-0.3833	9.9695	0.08947	7.666	8.16	8.469	8.64	8.911	9.101	9.392	9.97	10.597	10.957	11.21	11.6	11.864	12.384	13.354
79.5	-0.3833	9.9892	0.08946	7.681	8.177	8.486	8.657	8.929	9.119	9.411	9.989	10.618	10.978	11.232	11.623	11.887	12.409	13.38
79.6	-0.3833	10.009	0.08945	7.696	8.193	8.503	8.674	8.947	9.137	9.429	10.009	10.639	11	11.254	11.646	11.91	12.433	13.406
79.7	-0.3833	10.0289	0.08943	7.712	8.21	8.52	8.692	8.965	9.156	9.448	10.029	10.66	11.021	11.276	11.668	11.933	12.457	13.431
79.8	-0.3833	10.0489	0.08942	7.728	8.226	8.538	8.709	8.983	9.174	9.467	10.049	10.681	11.043	11.298	11.691	11.957	12.481	13.458
79.9	-0.3833	10.069	0.08941	7.743	8.243	8.555	8.727	9.001	9.193	9.486	10.069	10.702	11.065	11.321	11.715	11.981	12.506	13.484
80	-0.3833	10.0891	0.0894	7.759	8.259	8.572	8.744	9.019	9.211	9.505	10.089	10.724	11.087	11.343	11.738	12.004	12.531	13.511
80.1	-0.3833	10.1094	0.08939	7.775	8.276	8.589	8.762	9.037	9.23	9.524	10.109	10.745	11.109	11.366	11.761	12.028	12.556	13.537
80.2	-0.3833	10.1298	0.08937	7.791	8.293	8.607	8.78	9.056	9.249	9.544	10.13	10.767	11.132	11.388	11.785	12.052	12.58	13.564
80.3	-0.3833	10.1503	0.08936	7.807	8.31	8.625	8.798	9.074	9.267	9.563	10.15	10.789	11.154	11.411	11.808	12.076	12.606	13.591
80.4	-0.3833	10.1709	0.08935	7.823	8.327	8.642	8.816	9.093	9.286	9.583	10.171	10.81	11.177	11.434	11.832	12.1	12.631	13.618
80.5	-0.3833	10.1916	0.08934	7.839	8.344	8.66	8.834	9.111	9.305	9.602	10.192	10.832	11.199	11.458	11.856	12.125	12.656	13.645
80.6	-0.3833	10.2123	0.08933	7.855	8.362	8.678	8.852	9.13	9.324	9.622	10.212	10.854	11.222	11.481	11.88	12.149	12.682	13.672
80.7	-0.3833	10.2332	0.08932	7.872	8.379	8.696	8.87	9.149	9.343	9.642	10.233	10.876	11.245	11.504	11.904	12.174	12.707	13.7
80.8	-0.3833	10.2542	0.0893	7.888	8.396	8.714	8.889	9.168	9.363	9.661	10.254	10.899	11.267	11.527	11.928	12.198	12.733	13.727
80.9	-0.3833	10.2753	0.08929	7.905	8.414	8.732	8.907	9.187	9.382	9.681	10.275	10.921	11.291	11.551	11.952	12.223	12.759	13.755
81	-0.3833	10.2965	0.08928	7.921	8.431	8.75	8.926	9.206	9.402	9.701	10.297	10.943	11.314	11.575	11.977	12.248	12.785	13.783
81.1	-0.3833	10.3178	0.08927	7.938	8.449	8.768	8.944	9.225	9.421	9.722	10.318	10.966	11.337	11.598	12.001	12.273	12.811	13.811
81.2	-0.3833	10.3393	0.08926	7.955	8.467	8.787	8.963	9.244	9.441	9.742	10.339	10.989	11.361	11.622	12.026	12.298	12.837	13.839
81.3	-0.3833	10.3608	0.08925	7.971	8.485	8.805	8.982	9.264	9.461	9.762	10.361	11.011	11.384	11.646	12.051	12.324	12.863	13.867
81.4	-0.3833	10.3824	0.08924	7.988	8.502	8.824	9.001	9.283	9.48	9.783	10.382	11.034	11.408	11.67	12.076	12.349	12.89	13.896
81.5	-0.3833	10.4041	0.08923	8.005	8.52	8.842	9.02	9.302	9.5	9.803	10.404	11.057	11.431	11.695	12.101	12.375	12.916	13.924
81.6	-0.3833	10.4258	0.08922	8.022	8.538	8.861	9.039	9.322	9.52	9.824	10.426	11.08	11.455	11.719	12.126	12.4	12.943	13.953
81.7	-0.3833	10.4477	0.08921	8.039	8.556	8.88	9.058	9.342	9.54	9.844	10.448	11.103	11.479	11.743	12.151	12.426	12.97	13.982
81.8	-0.3833	10.4697	0.0892	8.056	8.575	8.899	9.077	9.361	9.56	9.865	10.47	11.127	11.503	11.768	12.176	12.452	12.997	14.011
81.9	-0.3833	10.4918	0.08919	8.073	8.593	8.918	9.096	9.381	9.581	9.886	10.492	11.15	11.527	11.793	12.202	12.478	13.024	14.04
82	-0.3833	10.514	0.08918	8.091	8.611	8.937	9.116	9.401	9.601	9.907	10.514	11.174	11.551	11.817	12.227	12.504	13.051	14.069
82.1	-0.3833	10.5363	0.08917	8.108	8.63	8.956	9.135	9.421	9.622	9.928	10.536	11.197	11.576	11.842	12.253	12.531	13.079	14.098
82.2	-0.3833	10.5586	0.08916	8.126	8.648	8.975	9.155	9.441	9.642	9.949	10.559	11.221	11.6	11.867	12.279	12.557	13.106	14.128
82.3	-0.3833	10.5811	0.08915	8.143	8.667	8.994	9.174	9.462	9.663	9.97	10.581	11.245	11.625	11.892	12.305	12.583	13.134	14.157
82.4	-0.3833	10.6037	0.08915	8.16	8.685	9.013	9.194	9.482	9.683	9.992	10.604	11.269	11.65	11.918	12.331	12.61	13.162	14.187
82.5	-0.3833	10.6263	0.08914	8.178	8.704	9.033	9.214	9.502	9.704	10.013	10.626	11.293	11.674	11.943	12.357	12.637	13.189	14.217
82.6	-0.3833	10.6491	0.08913	8.196	8.723	9.052	9.234	9.523	9.725	10.035	10.649	11.317	11.699	11.968	12.383	12.664	13.217	14.247
82.7	-0.3833	10.6719	0.08912	8.214	8.742	9.072	9.253	9.543	9.746	10.056	10.672	11.341	11.724	11.994	12.41	12.691	13.245	14.277
82.8	-0.3833	10.6948	0.08911	8.232	8.761	9.091	9.273	9.564	9.767	10.078	10.695	11.365	11.749	12.02	12.436	12.718	13.273	14.307
82.9	-0.3833	10.7178	0.0891	8.249	8.78	9.111	9.294	9.585	9.788	10.1	10.718	11.39	11.774	12.045	12.463	12.745	13.302	14.338
83	-0.3833	10.741	0.0891	8.267	8.799	9.131	9.314	9.605	9.809	10.121	10.741	11.414	11.8	12.071	12.49	12.772	13.33	14.369
83.1	-0.3833	10.7641	0.08909	8.285	8.818	9.151	9.334	9.626	9.83	10.143	10.764	11.439	11.825	12.097	12.516	12.799	13.359	14.399
83.2	-0.3833	10.7874	0.08908	8.303	8.837	9.171	9.354	9.647	9.852	10.165	10.787	11.463	11.851	12.123	12.543	12.827	13.387	14.43
83.3	-0.3833	10.8108	0.08907	8.322	8.857	9.191	9.375	9.668	9.873	10.187	10.811	11.488	11.876	12.149	12.57	12.854	13.416	14.461
83.4	-0.3833	10.8343	0.08907	8.34	8.876	9.211	9.395	9.689	9.895	10.21	10.834	11.513	11.902	12.176	12.598	12.882	13.445	14.492
83.5	-0.3833	10.8578	0.08906	8.358	8.895	9.231	9.416	9.71	9.916	10.232	10.858	11.538	11.928	12.202	12.625	12.91	13.474	14.523
83.6	-0.3833	10.8814	0.08905	8.377	8.915	9.251	9.436	9.731	9.938	10.254	10.881	11.563	11.953	12.228	12.652	12.938	13.503	14.554
83.7	-0.3833	10.9051	0.08905	8.395	8.934	9.271	9.457	9.753	9.96	10.276	10.905	11.588	11.98	12.255	12.679	12.966	13.532	14.586
83.8	-0.3833	10.9289	0.08904	8.413	8.954	9.292	9.477	9.774	9.981	10.299	10.929	11.614	12.006	12.281	12.707	12.994	13.561	14.617
83.9	-0.3833	10.9527	0.08903	8.432	8.974	9.312	9.498	9.795	10.003	10.321	10.953	11.639	12.032	12.308	12.734	13.022	13.591	14.648
84	-0.3833	10.9767	0.08903	8.45	8.993	9.332	9.519	9.817	10.025	10.344	10.977	11.664	12.058	12.335	12.762	13.051	13.62	14.68
84.1	-0.3833	11.0007	0.08902	8.469	9.013	9.353	9.54	9.838	10.047	10.367	11.001	11.69	12.084	12.362	12.79	13.079	13.65	14.712
84.2	-0.3833	11.0248	0.08902	8.488	9.033	9.373	9.561	9.86	10.069	10.389	11.025	11.715	12.111	12.389	12.818	13.108	13.68	14.744
84.3	-0.3833	11.0489	0.08901	8.506	9.053	9.394	9.582	9.882	10.091	10.412	11.049	11.741	12.137	12.416	12.846	13.136	13.709	14.776
84.4	-0.3833	11.0731	0.08901	8.525	9.073	9.415	9.603	9.903	10.113	10.435	11.073	11.767	12.164	12.443	12.874	13.165	13.739	14.808
84.5	-0.3833	11.0974	0.089	8.544	9.093	9.435	9.624	9.925	10.136	10.458	11.097	11.792	12.19	12.47	12.902	13.193	13.769	14.84
84.6	-0.3833	11.1218	0.089	8.563	9.113	9.456	9.645	9.947	10.158	10.481	11.122	11.818	12.217	12.498	12.93	13.222	13.799	14.873
84.7	-0.3833	11.1462	0.08899	8.582	9.133	9.477	9.667	9.969	10.18	10.504	11.146	11.844	12.244	12.525	12.958	13.251	13.829	14.905
84.8	-0.3833	11.1707	0.08899	8.601	9.153	9.498	9.688	9.991	10.203	10.527	11.171	11.87	12.27	12.552	12.987	13.28	13.86	14.938
84.9	-0.3833	11.1952	0.08899	8.62	9.173	9.519	9.709	10.013	10.225	10.55	11.195	11.896	12.297	12.58	13.015	13.309	13.89	14.971
85	-0.3833	11.2198	0.08898	8.639	9.193	9.54	9.731	10.035	10.248	10.573	11.22	11.922	12.324	12.607	13.044	13.338	13.92	15.003
85.1	-0.3833	11.2444	0.08898	8.658	9.214	9.561	9.752	10.057	10.27	10.597	11.244	11.948	12.351	12.635	13.072	13.368	13.951	15.036
85.2	-0.3833	11.2691	0.08897	8.677	9.234	9.582	9.774	10.079	10.293	10.62	11.269	11.974	12.378	12.663	13.101	13.397	13.981	15.068
85.3	-0.3833	11.2939	0.08897	8.696	9.254	9.603	9.795	10.101	10.315	10.643	11.294	12.001	12.406	12.69	13.13	13.426	14.012	15.101
85.4	-0.3833	11.3187	0.08897	8.715	9.275	9.624	9.817	10.123	10.338	10.667	11.319	12.027	12.433	12.718	13.158	13.456	14.043	15.135
85.5	-0.3833	11.3435	0.08897	8.734	9.295	9.645	9.838	10.146	10.361	10.69	11.344	12.054	12.46	12.746	13.187	13.485	14.073	15.168
85.6	-0.3833	11.3684	0.08896	8.754	9.316	9.667	9.86	10.168	10.384	10.714	11.368	12.08	12.487	12.774	13.216	13.514	14.104	15.201
85.7	-0.3833	11.3934	0.08896	8.773	9.336	9.688	9.881	10.19	10.406	10.737	11.393	12.106	12.515	12.802	13.245	13.544	14.135	15.234
85.8	-0.3833	11.4183	0.08896	8.792	9.356	9.709	9.903	10.213	10.429	10.761	11.418	12.133	12.542	12.83	13.274	13.574	14.166	15.267
85.9	-0.3833	11.4434	0.08896	8.811	9.377	9.73	9.925	10.235	10.452	10.784	11.443	12.16	12.57	12.858	13.303	13.604	14.197	15.301
86	-0.3833	11.4684	0.08895	8.831	9.398	9.752	9.947	10.258	10.475	10.808	11.468	12.186	12.597	12.886	13.332	13.633	14.228	15.334
86.1	-0.3833	11.4935	0.08895	8.85	9.418	9.773	9.968	10.28	10.498	10.832	11.494	12.213	12.625	12.914	13.361	13.663	14.259	15.367
86.2	-0.3833	11.5186	0.08895	8.87	9.439	9.794	9.99	10.303	10.521	10.855	11.519	12.239	12.652	12.943	13.39	13.693	14.29	15.401
86.3	-0.3833	11.5437	0.08895	8.889	9.459	9.816	10.012	10.325	10.544	10.879	11.544	12.266	12.68	12.971	13.42	13.723	14.321	15.434
86.4	-0.3833	11.5689	0.08895	8.908	9.48	9.837	10.034	10.348	10.567	10.903	11.569	12.293	12.707	12.999	13.449	13.753	14.352	15.468
86.5	-0.3833	11.594	0.08895	8.928	9.501	9.859	10.056	10.37	10.59	10.926	11.594	12.32	12.735	13.027	13.478	13.782	14.384	15.502
86.6	-0.3833	11.6192	0.08895	8.947	9.521	9.88	10.077	10.393	10.613	10.95	11.619	12.346	12.763	13.056	13.507	13.812	14.415	15.535
86.7	-0.3833	11.6444	0.08895	8.966	9.542	9.901	10.099	10.415	10.636	10.974	11.644	12.373	12.79	13.084	13.537	13.842	14.446	15.569
86.8	-0.3833	11.6696	0.08895	8.986	9.563	9.923	10.121	10.438	10.659	10.998	11.67	12.4	12.818	13.112	13.566	13.872	14.477	15.603
86.9	-0.3833	11.6948	0.08895	9.005	9.583	9.944	10.143	10.46	10.682	11.021	11.695	12.427	12.846	13.141	13.595	13.902	14.509	15.636
87	-0.3833	11.7201	0.08895	9.025	9.604	9.966	10.165	10.483	10.705	11.045	11.72	12.454	12.873	13.169	13.625	13.932	14.54	15.67
87.1	-0.3833	11.7453	0.08895	9.044	9.625	9.987	10.187	10.505	10.728	11.069	11.745	12.48	12.901	13.197	13.654	13.962	14.571	15.704
87.2	-0.3833	11.7705	0.08895	9.064	9.645	10.009	10.209	10.528	10.751	11.093	11.771	12.507	12.929	13.226	13.683	13.992	14.603	15.738
87.3	-0.3833	11.7957	0.08895	9.083	9.666	10.03	10.231	10.55	10.774	11.116	11.796	12.534	12.956	13.254	13.712	14.022	14.634	15.771
87.4	-0.3833	11.8209	0.08895	9.102	9.687	10.051	10.252	10.573	10.797	11.14	11.821	12.561	12.984	13.282	13.742	14.052	14.665	15.805
87.5	-0.3833	11.8461	0.08895	9.122	9.707	10.073	10.274	10.595	10.82	11.164	11.846	12.587	13.012	13.311	13.771	14.082	14.696	15.839
87.6	-0.3833	11.8713	0.08896	9.141	9.728	10.094	10.296	10.618	10.843	11.188	11.871	12.614	13.04	13.339	13.801	14.112	14.728	15.873
87.7	-0.3833	11.8965	0.08896	9.16	9.748	10.116	10.318	10.64	10.866	11.211	11.897	12.641	13.067	13.367	13.83	14.142	14.759	15.907
87.8	-0.3833	11.9217	0.08896	9.18	9.769	10.137	10.34	10.663	10.889	11.235	11.922	12.668	13.095	13.396	13.859	14.172	14.79	15.94
87.9	-0.3833	11.9468	0.08896	9.199	9.789	10.158	10.361	10.685	10.912	11.259	11.947	12.694	13.123	13.424	13.888	14.202	14.822	15.974
88	-0.3833	11.972	0.08896	9.218	9.81	10.18	10.383	10.708	10.935	11.282	11.972	12.721	13.15	13.452	13.918	14.232	14.853	16.008
88.1	-0.3833	11.9971	0.08897	9.237	9.831	10.201	10.405	10.73	10.958	11.306	11.997	12.748	13.178	13.481	13.947	14.262	14.884	16.042
88.2	-0.3833	12.0223	0.08897	9.257	9.851	10.222	10.427	10.753	10.981	11.33	12.022	12.775	13.206	13.509	13.976	14.292	14.916	16.075
88.3	-0.3833	12.0474	0.08897	9.276	9.872	10.244	10.449	10.775	11.004	11.353	12.047	12.801	13.233	13.537	14.006	14.322	14.947	16.109
88.4	-0.3833	12.0725	0.08898	9.295	9.892	10.265	10.47	10.798	11.026	11.377	12.073	12.828	13.261	13.565	14.035	14.352	14.978	16.143
88.5	-0.3833	12.0976	0.08898	9.315	9.913	10.286	10.492	10.82	11.049	11.401	12.098	12.855	13.288	13.594	14.064	14.382	15.009	16.177
88.6	-0.3833	12.1227	0.08898	9.334	9.933	10.308	10.514	10.842	11.072	11.424	12.123	12.882	13.316	13.622	14.093	14.412	15.041	16.21
88.7	-0.3833	12.1478	0.08899	9.353	9.954	10.329	10.535	10.865	11.095	11.448	12.148	12.908	13.344	13.65	14.123	14.442	15.072	16.244
88.8	-0.3833	12.1728	0.08899	9.372	9.974	10.35	10.557	10.887	11.118	11.471	12.173	12.935	13.371	13.678	14.152	14.472	15.103	16.278
88.9	-0.3833	12.1978	0.089	9.391	9.994	10.371	10.578	10.909	11.141	11.495	12.198	12.962	13.399	13.707	14.181	14.502	15.135	16.312
89	-0.3833	12.2229	0.089	9.411	10.015	10.392	10.6	10.932	11.164	11.519	12.223	12.988	13.426	13.735	14.21	14.531	15.166	16.345
89.1	-0.3833	12.2479	0.08901	9.43	10.035	10.413	10.622	10.954	11.186	11.542	12.248	13.015	13.454	13.763	14.24	14.561	15.197	16.379
89.2	-0.3833	12.2729	0.08901	9.449	10.056	10.435	10.643	10.976	11.209	11.566	12.273	13.041	13.481	13.791	14.269	14.591	15.228	16.413
89.3	-0.3833	12.2978	0.08902	9.468	10.076	10.456	10.665	10.999	11.232	11.589	12.298	13.068	13.509	13.819	14.298	14.621	15.259	16.447
89.4	-0.3833	12.3228	0.08902	9.487	10.096	10.477	10.687	11.021	11.255	11.613	12.323	13.095	13.536	13.847	14.327	14.651	15.29	16.48
89.5	-0.3833	12.3477	0.08903	9.506	10.116	10.498	10.708	11.043	11.277	11.636	12.348	13.121	13.564	13.876	14.356	14.681	15.322	16.514
89.6	-0.3833	12.3727	0.08903	9.525	10.137	10.519	10.73	11.065	11.3	11.66	12.373	13.148	13.591	13.904	14.385	14.71	15.353	16.547
89.7	-0.3833	12.3976	0.08904	9.544	10.157	10.54	10.751	11.088	11.323	11.683	12.398	13.174	13.619	13.932	14.414	14.74	15.384	16.581
89.8	-0.3833	12.4225	0.08904	9.563	10.178	10.561	10.773	11.11	11.345	11.706	12.423	13.201	13.646	13.96	14.443	14.77	15.415	16.615
89.9	-0.3833	12.4474	0.08905	9.582	10.198	10.582	10.794	11.132	11.368	11.73	12.447	13.227	13.674	13.988	14.473	14.8	15.446	16.648
90	-0.3833	12.4723	0.08906	9.601	10.218	10.603	10.816	11.154	11.391	11.753	12.472	13.254	13.701	14.016	14.502	14.83	15.477	16.682
90.1	-0.3833	12.4971	0.08906	9.62	10.238	10.624	10.837	11.176	11.413	11.777	12.497	13.28	13.728	14.044	14.531	14.859	15.508	16.716
90.2	-0.3833	12.522	0.08907	9.639	10.258	10.645	10.858	11.198	11.436	11.8	12.522	13.307	13.756	14.072	14.56	14.889	15.54	16.749
90.3	-0.3833	12.5468	0.08908	9.658	10.278	10.666	10.88	11.22	11.459	11.823	12.547	13.333	13.783	14.1	14.589	14.919	15.571	16.783
90.4	-0.3833	12.5717	0.08909	9.677	10.299	10.687	10.901	11.243	11.481	11.847	12.572	13.36	13.811	14.129	14.618	14.949	15.602	16.817
90.5	-0.3833	12.5965	0.08909	9.696	10.319	10.708	10.923	11.265	11.504	11.87	12.597	13.386	13.838	14.156	14.647	14.978	15.633	16.85
90.6	-0.3833	12.6213	0.0891	9.715	10.339	10.729	10.944	11.287	11.526	11.893	12.621	13.412	13.866	14.184	14.676	15.008	15.664	16.884
90.7	-0.3833	12.6461	0.08911	9.733	10.359	10.75	10.965	11.309	11.549	11.917	12.646	13.439	13.893	14.213	14.705	15.038	15.695	16.918
90.8	-0.3833	12.6709	0.08912	9.752	10.379	10.771	10.987	11.331	11.571	11.94	12.671	13.465	13.92	14.241	14.734	15.068	15.726	16.952
90.9	-0.3833	12.6957	0.08912	9.771	10.4	10.792	11.008	11.353	11.594	11.963	12.696	13.492	13.948	14.268	14.763	15.097	15.757	16.985
91	-0.3833	12.7205	0.08913	9.79	10.42	10.813	11.03	11.375	11.617	11.986	12.721	13.518	13.975	14.297	14.792	15.127	15.788	17.018
91.1	-0.3833	12.7453	0.08914	9.809	10.44	10.834	11.051	11.397	11.639	12.01	12.745	13.545	14.002	14.325	14.821	15.157	15.819	17.052
91.2	-0.3833	12.77	0.08915	9.828	10.46	10.855	11.072	11.419	11.662	12.033	12.77	13.571	14.03	14.353	14.85	15.186	15.85	17.086
91.3	-0.3833	12.7948	0.08916	9.846	10.48	10.876	11.093	11.441	11.684	12.056	12.795	13.597	14.057	14.381	14.879	15.216	15.882	17.12
91.4	-0.3833	12.8196	0.08917	9.865	10.5	10.896	11.115	11.463	11.707	12.08	12.82	13.624	14.084	14.409	14.908	15.246	15.913	17.153
91.5	-0.3833	12.8443	0.08918	9.884	10.52	10.917	11.136	11.485	11.729	12.103	12.844	13.65	14.112	14.437	14.937	15.276	15.944	17.187
91.6	-0.3833	12.8691	0.08919	9.903	10.54	10.938	11.157	11.507	11.752	12.126	12.869	13.677	14.139	14.465	14.967	15.306	15.975	17.221
91.7	-0.3833	12.8939	0.0892	9.922	10.56	10.959	11.179	11.529	11.774	12.149	12.894	13.703	14.167	14.493	14.996	15.335	16.006	17.255
91.8	-0.3833	12.9186	0.08921	9.94	10.58	10.98	11.2	11.551	11.797	12.173	12.919	13.729	14.194	14.521	15.025	15.365	16.037	17.288
91.9	-0.3833	12.9434	0.08922	9.959	10.6	11.001	11.221	11.573	11.819	12.196	12.943	13.756	14.221	14.549	15.054	15.395	16.069	17.322
92	-0.3833	12.9681	0.08923	9.978	10.62	11.021	11.243	11.595	11.842	12.219	12.968	13.782	14.249	14.577	15.083	15.424	16.1	17.356
92.1	-0.3833	12.9929	0.08924	9.997	10.64	11.042	11.264	11.617	11.864	12.242	12.993	13.809	14.276	14.605	15.112	15.454	16.131	17.389
92.2	-0.3833	13.0177	0.08925	10.015	10.66	11.063	11.285	11.639	11.887	12.266	13.018	13.835	14.303	14.633	15.141	15.484	16.162	17.423
92.3	-0.3833	13.0424	0.08926	10.034	10.68	11.084	11.306	11.661	11.909	12.289	13.042	13.862	14.331	14.661	15.17	15.514	16.193	17.457
92.4	-0.3833	13.0672	0.08927	10.053	10.7	11.105	11.328	11.683	11.932	12.312	13.067	13.888	14.358	14.689	15.199	15.544	16.224	17.491
92.5	-0.3833	13.092	0.08928	10.072	10.721	11.126	11.349	11.705	11.954	12.335	13.092	13.914	14.385	14.717	15.228	15.573	16.256	17.525
92.6	-0.3833	13.1167	0.0893	10.09	10.74	11.146	11.37	11.727	11.976	12.358	13.117	13.941	14.413	14.745	15.257	15.603	16.287	17.559
92.7	-0.3833	13.1415	0.08931	10.109	10.76	11.167	11.391	11.749	11.999	12.382	13.142	13.967	14.44	14.773	15.287	15.633	16.318	17.593
92.8	-0.3833	13.1663	0.08932	10.128	10.78	11.188	11.413	11.771	12.021	12.405	13.166	13.994	14.468	14.801	15.316	15.663	16.349	17.626
92.9	-0.3833	13.1911	0.08933	10.147	10.8	11.209	11.434	11.793	12.044	12.428	13.191	14.02	14.495	14.829	15.345	15.693	16.381	17.66
93	-0.3833	13.2158	0.08934	10.165	10.82	11.23	11.455	11.815	12.066	12.451	13.216	14.047	14.522	14.857	15.374	15.723	16.412	17.694
93.1	-0.3833	13.2406	0.08936	10.184	10.84	11.25	11.476	11.837	12.089	12.475	13.241	14.073	14.55	14.886	15.403	15.753	16.443	17.728
93.2	-0.3833	13.2654	0.08937	10.203	10.86	11.271	11.498	11.859	12.111	12.498	13.265	14.1	14.577	14.914	15.432	15.783	16.475	17.762
93.3	-0.3833	13.2902	0.08938	10.221	10.88	11.292	11.519	11.881	12.134	12.521	13.29	14.126	14.605	14.942	15.461	15.812	16.506	17.796
93.4	-0.3833	13.3151	0.0894	10.24	10.9	11.313	11.54	11.903	12.156	12.545	13.315	14.153	14.632	14.97	15.491	15.843	16.538	17.831
93.5	-0.3833	13.3399	0.08941	10.259	10.92	11.334	11.562	11.925	12.179	12.568	13.34	14.179	14.66	14.998	15.52	15.872	16.569	17.864
93.6	-0.3833	13.3647	0.08942	10.278	10.941	11.355	11.583	11.947	12.201	12.591	13.365	14.206	14.687	15.026	15.549	15.902	16.6	17.898
93.7	-0.3833	13.3896	0.08944	10.296	10.96	11.375	11.604	11.969	12.224	12.614	13.39	14.232	14.715	15.055	15.579	15.933	16.632	17.933
93.8	-0.3833	13.4145	0.08945	10.315	10.981	11.396	11.626	11.991	12.246	12.638	13.415	14.259	14.742	15.083	15.608	15.963	16.663	17.967
93.9	-0.3833	13.4394	0.08947	10.334	11	11.417	11.647	12.013	12.269	12.661	13.439	14.286	14.77	15.111	15.637	15.993	16.695	18.001
94	-0.3833	13.4643	0.08948	10.352	11.021	11.438	11.668	12.035	12.292	12.684	13.464	14.312	14.798	15.14	15.667	16.023	16.726	18.035
94.1	-0.3833	13.4892	0.08949	10.371	11.041	11.459	11.69	12.057	12.314	12.708	13.489	14.339	14.825	15.168	15.696	16.053	16.758	18.069
94.2	-0.3833	13.5142	0.08951	10.39	11.061	11.48	11.711	12.079	12.337	12.731	13.514	14.365	14.853	15.196	15.726	16.083	16.789	18.104
94.3	-0.3833	13.5391	0.08952	10.409	11.081	11.501	11.732	12.101	12.359	12.755	13.539	14.392	14.881	15.224	15.755	16.113	16.821	18.138
94.4	-0.3833	13.5641	0.08954	10.427	11.101	11.522	11.754	12.123	12.382	12.778	13.564	14.419	14.908	15.253	15.784	16.143	16.853	18.173
94.5	-0.3833	13.5892	0.08955	10.446	11.121	11.543	11.775	12.146	12.405	12.802	13.589	14.446	14.936	15.281	15.814	16.174	16.884	18.207
94.6	-0.3833	13.6142	0.08957	10.465	11.141	11.564	11.796	12.168	12.427	12.825	13.614	14.472	14.964	15.31	15.844	16.204	16.916	18.242
94.7	-0.3833	13.6393	0.08959	10.484	11.161	11.585	11.818	12.19	12.45	12.848	13.639	14.499	14.992	15.339	15.873	16.235	16.948	18.277
94.8	-0.3833	13.6644	0.0896	10.503	11.182	11.606	11.839	12.212	12.473	12.872	13.664	14.526	15.02	15.367	15.903	16.265	16.98	18.311
94.9	-0.3833	13.6895	0.08962	10.521	11.202	11.627	11.861	12.234	12.495	12.895	13.69	14.553	15.047	15.396	15.933	16.295	17.012	18.346
95	-0.3833	13.7146	0.08963	10.54	11.222	11.648	11.882	12.256	12.518	12.919	13.715	14.58	15.075	15.424	15.962	16.326	17.044	18.38
95.1	-0.3833	13.7398	0.08965	10.559	11.242	11.669	11.904	12.279	12.541	12.943	13.74	14.607	15.103	15.453	15.992	16.356	17.076	18.415
95.2	-0.3833	13.765	0.08967	10.578	11.262	11.69	11.925	12.301	12.564	12.966	13.765	14.634	15.131	15.482	16.022	16.387	17.108	18.45
95.3	-0.3833	13.7902	0.08968	10.597	11.283	11.711	11.947	12.323	12.587	12.99	13.79	14.661	15.159	15.51	16.052	16.417	17.14	18.485
95.4	-0.3833	13.8155	0.0897	10.616	11.303	11.732	11.968	12.346	12.609	13.013	13.816	14.688	15.187	15.539	16.082	16.448	17.172	18.52
95.5	-0.3833	13.8408	0.08972	10.635	11.323	11.753	11.99	12.368	12.632	13.037	13.841	14.715	15.215	15.568	16.112	16.479	17.204	18.555
95.6	-0.3833	13.8661	0.08974	10.654	11.343	11.774	12.011	12.39	12.655	13.061	13.866	14.742	15.244	15.597	16.142	16.51	17.237	18.59
95.7	-0.3833	13.8914	0.08975	10.673	11.364	11.795	12.033	12.413	12.678	13.084	13.891	14.769	15.272	15.625	16.171	16.54	17.269	18.625
95.8	-0.3833	13.9168	0.08977	10.692	11.384	11.816	12.055	12.435	12.701	13.108	13.917	14.796	15.3	15.654	16.201	16.571	17.301	18.66
95.9	-0.3833	13.9422	0.08979	10.711	11.404	11.838	12.076	12.457	12.724	13.132	13.942	14.823	15.328	15.683	16.232	16.602	17.333	18.696
96	-0.3833	13.9676	0.08981	10.73	11.424	11.859	12.098	12.48	12.747	13.156	13.968	14.85	15.356	15.712	16.262	16.633	17.366	18.731
96.1	-0.3833	13.9931	0.08983	10.749	11.445	11.88	12.12	12.502	12.77	13.18	13.993	14.878	15.385	15.742	16.292	16.664	17.399	18.766
96.2	-0.3833	14.0186	0.08984	10.768	11.465	11.901	12.142	12.525	12.793	13.203	14.019	14.905	15.413	15.77	16.322	16.694	17.431	18.801
96.3	-0.3833	14.0441	0.08986	10.787	11.486	11.923	12.163	12.547	12.816	13.227	14.044	14.932	15.441	15.8	16.352	16.725	17.463	18.837
96.4	-0.3833	14.0697	0.08988	10.806	11.506	11.944	12.185	12.57	12.839	13.251	14.07	14.96	15.47	15.829	16.383	16.757	17.496	18.872
96.5	-0.3833	14.0953	0.0899	10.825	11.527	11.965	12.207	12.592	12.862	13.275	14.095	14.987	15.498	15.858	16.413	16.788	17.529	18.908
96.6	-0.3833	14.1209	0.08992	10.844	11.547	11.987	12.229	12.615	12.885	13.299	14.121	15.015	15.527	15.887	16.443	16.819	17.561	18.944
96.7	-0.3833	14.1466	0.08994	10.863	11.568	12.008	12.251	12.638	12.908	13.323	14.147	15.042	15.555	15.917	16.474	16.85	17.594	18.979
96.8	-0.3833	14.1724	0.08996	10.882	11.588	12.029	12.273	12.66	12.932	13.347	14.172	15.07	15.584	15.946	16.504	16.882	17.627	19.015
96.9	-0.3833	14.1981	0.08998	10.901	11.609	12.051	12.294	12.683	12.955	13.371	14.198	15.097	15.613	15.975	16.535	16.913	17.66	19.051
97	-0.3833	14.2239	0.09	10.921	11.629	12.072	12.316	12.706	12.978	13.395	14.224	15.125	15.641	16.005	16.566	16.944	17.693	19.087
97.1	-0.3833	14.2498	0.09002	10.94	11.65	12.094	12.338	12.729	13.002	13.42	14.25	15.153	15.67	16.034	16.596	16.976	17.726	19.123
97.2	-0.3833	14.2757	0.09004	10.959	11.671	12.115	12.361	12.751	13.025	13.444	14.276	15.18	15.699	16.064	16.627	17.007	17.759	19.159
97.3	-0.3833	14.3016	0.09006	10.978	11.691	12.137	12.383	12.774	13.048	13.468	14.302	15.208	15.728	16.094	16.658	17.039	17.792	19.195
97.4	-0.3833	14.3276	0.09008	10.998	11.712	12.159	12.405	12.797	13.072	13.492	14.328	15.236	15.757	16.123	16.689	17.071	17.826	19.232
97.5	-0.3833	14.3537	0.0901	11.017	11.733	12.18	12.427	12.82	13.095	13.517	14.354	15.264	15.786	16.153	16.72	17.102	17.859	19.268
97.6	-0.3833	14.3798	0.09012	11.037	11.754	12.202	12.449	12.843	13.119	13.541	14.38	15.292	15.815	16.183	16.751	17.134	17.892	19.304
97.7	-0.3833	14.4059	0.09015	11.056	11.774	12.224	12.471	12.866	13.142	13.566	14.406	15.32	15.844	16.213	16.782	17.166	17.926	19.341
97.8	-0.3833	14.4321	0.09017	11.075	11.795	12.245	12.493	12.889	13.166	13.59	14.432	15.348	15.873	16.243	16.813	17.198	17.96	19.378
97.9	-0.3833	14.4584	0.09019	11.095	11.816	12.267	12.516	12.912	13.19	13.615	14.458	15.376	15.902	16.273	16.844	17.23	17.993	19.415
98	-0.3833	14.4848	0.09021	11.114	11.837	12.289	12.538	12.936	13.214	13.639	14.485	15.405	15.932	16.303	16.876	17.262	18.027	19.451
98.1	-0.3833	14.5112	0.09023	11.134	11.858	12.311	12.561	12.959	13.237	13.664	14.511	15.433	15.961	16.333	16.907	17.295	18.061	19.488
98.2	-0.3833	14.5376	0.09026	11.153	11.879	12.333	12.583	12.982	13.261	13.689	14.538	15.461	15.991	16.364	16.939	17.327	18.095	19.526
98.3	-0.3833	14.5642	0.09028	11.173	11.9	12.355	12.606	13.005	13.285	13.713	14.564	15.49	16.02	16.394	16.97	17.36	18.129	19.563
98.4	-0.3833	14.5908	0.0903	11.193	11.922	12.377	12.628	13.029	13.309	13.738	14.591	15.518	16.05	16.424	17.002	17.392	18.163	19.6
98.5	-0.3833	14.6174	0.09033	11.212	11.943	12.399	12.651	13.052	13.333	13.763	14.617	15.547	16.08	16.455	17.034	17.425	18.198	19.638
98.6	-0.3833	14.6442	0.09035	11.232	11.964	12.421	12.673	13.076	13.357	13.788	14.644	15.576	16.109	16.485	17.065	17.457	18.232	19.675
98.7	-0.3833	14.671	0.09037	11.252	11.985	12.444	12.696	13.099	13.381	13.813	14.671	15.604	16.139	16.516	17.097	17.49	18.266	19.712
98.8	-0.3833	14.6979	0.0904	11.272	12.007	12.466	12.719	13.123	13.405	13.838	14.698	15.633	16.169	16.547	17.13	17.523	18.301	19.751
98.9	-0.3833	14.7248	0.09042	11.292	12.028	12.488	12.742	13.146	13.43	13.863	14.725	15.662	16.199	16.578	17.161	17.556	18.336	19.788
99	-0.3833	14.7519	0.09044	11.312	12.05	12.511	12.765	13.17	13.454	13.889	14.752	15.691	16.23	16.609	17.194	17.589	18.37	19.826
99.1	-0.3833	14.779	0.09047	11.332	12.071	12.533	12.788	13.194	13.478	13.914	14.779	15.72	16.26	16.64	17.226	17.622	18.405	19.864
99.2	-0.3833	14.8062	0.09049	11.352	12.093	12.556	12.811	13.218	13.503	13.939	14.806	15.749	16.29	16.671	17.258	17.655	18.44	19.902
99.3	-0.3833	14.8334	0.09052	11.372	12.114	12.578	12.834	13.242	13.527	13.965	14.833	15.779	16.321	16.702	17.291	17.689	18.476	19.941
99.4	-0.3833	14.8608	0.09054	11.392	12.136	12.601	12.857	13.266	13.552	13.99	14.861	15.808	16.351	16.734	17.324	17.722	18.511	19.979
99.5	-0.3833	14.8882	0.09057	11.412	12.158	12.623	12.88	13.29	13.577	14.016	14.888	15.838	16.382	16.765	17.356	17.756	18.546	20.018
99.6	-0.3833	14.9157	0.09059	11.433	12.179	12.646	12.904	13.314	13.601	14.041	14.916	15.867	16.412	16.797	17.389	17.79	18.581	20.056
99.7	-0.3833	14.9434	0.09062	11.453	12.201	12.669	12.927	13.338	13.626	14.067	14.943	15.897	16.443	16.828	17.422	17.824	18.617	20.096
99.8	-0.3833	14.9711	0.09064	11.474	12.223	12.692	12.951	13.363	13.651	14.093	14.971	15.927	16.474	16.86	17.455	17.857	18.653	20.134
99.9	-0.3833	14.9989	0.09067	11.494	12.245	12.715	12.974	13.387	13.676	14.119	14.999	15.956	16.505	16.892	17.489	17.892	18.689	20.174
100	-0.3833	15.0267	0.09069	11.515	12.267	12.738	12.998	13.412	13.701	14.145	15.027	15.986	16.536	16.924	17.522	17.926	18.724	20.213
100.1	-0.3833	15.0547	0.09072	11.535	12.29	12.761	13.021	13.436	13.726	14.171	15.055	16.016	16.568	16.956	17.555	17.96	18.761	20.252
100.2	-0.3833	15.0828	0.09075	11.556	12.312	12.784	13.045	13.461	13.752	14.197	15.083	16.047	16.599	16.988	17.589	17.995	18.797	20.292
100.3	-0.3833	15.1109	0.09077	11.577	12.334	12.808	13.069	13.485	13.777	14.224	15.111	16.077	16.63	17.02	17.622	18.029	18.833	20.332
100.4	-0.3833	15.1392	0.0908	11.597	12.356	12.831	13.093	13.51	13.802	14.25	15.139	16.107	16.662	17.053	17.656	18.064	18.87	20.372
100.5	-0.3833	15.1676	0.09083	11.618	12.379	12.854	13.117	13.535	13.828	14.276	15.168	16.138	16.694	17.086	17.69	18.099	18.907	20.412
100.6	-0.3833	15.196	0.09085	11.639	12.401	12.878	13.141	13.56	13.853	14.303	15.196	16.168	16.725	17.118	17.724	18.133	18.943	20.452
100.7	-0.3833	15.2246	0.09088	11.66	12.424	12.902	13.165	13.585	13.879	14.33	15.225	16.199	16.758	17.151	17.758	18.169	18.98	20.492
100.8	-0.3833	15.2532	0.09091	11.681	12.446	12.925	13.189	13.61	13.905	14.356	15.253	16.23	16.79	17.184	17.793	18.204	19.017	20.533
100.9	-0.3833	15.2819	0.09093	11.702	12.469	12.949	13.213	13.635	13.931	14.383	15.282	16.26	16.821	17.217	17.827	18.239	19.054	20.573
101	-0.3833	15.3108	0.09096	11.724	12.492	12.973	13.238	13.661	13.957	14.41	15.311	16.291	16.854	17.25	17.861	18.274	19.091	20.614
101.1	-0.3833	15.3397	0.09099	11.745	12.515	12.997	13.262	13.686	13.982	14.437	15.34	16.323	16.886	17.283	17.896	18.31	19.129	20.655
101.2	-0.3833	15.3687	0.09102	11.766	12.538	13.021	13.287	13.711	14.008	14.464	15.369	16.354	16.919	17.317	17.931	18.346	19.167	20.696
101.3	-0.3833	15.3979	0.09105	11.787	12.561	13.045	13.311	13.737	14.035	14.491	15.398	16.385	16.951	17.35	17.966	18.382	19.204	20.738
101.4	-0.3833	15.4271	0.09107	11.809	12.584	13.069	13.336	13.763	14.061	14.518	15.427	16.416	16.984	17.384	18	18.417	19.242	20.779
101.5	-0.3833	15.4564	0.0911	11.83	12.607	13.093	13.361	13.788	14.087	14.546	15.456	16.448	17.017	17.417	18.036	18.453	19.28	20.82
101.6	-0.3833	15.4858	0.09113	11.852	12.63	13.117	13.386	13.814	14.114	14.573	15.486	16.48	17.05	17.451	18.071	18.49	19.318	20.862
101.7	-0.3833	15.5154	0.09116	11.874	12.654	13.142	13.411	13.84	14.14	14.601	15.515	16.511	17.083	17.485	18.106	18.526	19.356	20.904
101.8	-0.3833	15.545	0.09119	11.895	12.677	13.166	13.435	13.866	14.167	14.628	15.545	16.543	17.116	17.519	18.142	18.563	19.395	20.946
101.9	-0.3833	15.5747	0.09122	11.917	12.7	13.19	13.461	13.892	14.193	14.656	15.575	16.575	17.149	17.553	18.177	18.599	19.433	20.988
102	-0.3833	15.6046	0.09125	11.939	12.724	13.215	13.486	13.918	14.22	14.684	15.605	16.607	17.183	17.588	18.213	18.636	19.472	21.031
102.1	-0.3833	15.6345	0.09128	11.961	12.747	13.24	13.511	13.944	14.247	14.711	15.635	16.64	17.216	17.622	18.249	18.673	19.511	21.073
102.2	-0.3833	15.6646	0.09131	11.983	12.771	13.264	13.536	13.97	14.274	14.74	15.665	16.672	17.25	17.657	18.285	18.71	19.55	21.116
102.3	-0.3833	15.6947	0.09133	12.005	12.795	13.289	13.562	13.997	14.301	14.768	15.695	16.704	17.283	17.691	18.321	18.747	19.588	21.158
102.4	-0.3833	15.725	0.09136	12.027	12.819	13.314	13.587	14.023	14.328	14.796	15.725	16.737	17.317	17.726	18.357	18.784	19.628	21.201
102.5	-0.3833	15.7553	0.09139	12.05	12.843	13.339	13.613	14.05	14.356	14.824	15.755	16.769	17.351	17.761	18.394	18.821	19.667	21.244
102.6	-0.3833	15.7858	0.09142	12.072	12.867	13.364	13.639	14.076	14.383	14.852	15.786	16.802	17.385	17.796	18.43	18.859	19.707	21.287
102.7	-0.3833	15.8164	0.09146	12.094	12.891	13.389	13.664	14.103	14.41	14.881	15.816	16.835	17.42	17.832	18.467	18.897	19.747	21.332
102.8	-0.3833	15.847	0.09149	12.116	12.915	13.415	13.69	14.13	14.438	14.909	15.847	16.868	17.454	17.867	18.504	18.935	19.787	21.375
102.9	-0.3833	15.8778	0.09152	12.139	12.939	13.44	13.716	14.157	14.465	14.938	15.878	16.901	17.489	17.902	18.541	18.973	19.827	21.419
103	-0.3833	15.9087	0.09155	12.161	12.963	13.465	13.742	14.184	14.493	14.967	15.909	16.935	17.523	17.938	18.578	19.011	19.867	21.463
103.1	-0.3833	15.9396	0.09158	12.184	12.988	13.491	13.768	14.211	14.521	14.996	15.94	16.968	17.558	17.973	18.615	19.049	19.907	21.507
103.2	-0.3833	15.9707	0.09161	12.207	13.012	13.516	13.794	14.238	14.549	15.025	15.971	17.001	17.593	18.009	18.652	19.087	19.947	21.551
103.3	-0.3833	16.0019	0.09164	12.23	13.037	13.542	13.821	14.265	14.577	15.054	16.002	17.035	17.627	18.045	18.69	19.125	19.988	21.595
103.4	-0.3833	16.0332	0.09167	12.252	13.062	13.568	13.847	14.293	14.605	15.083	16.033	17.069	17.663	18.081	18.727	19.164	20.028	21.64
103.5	-0.3833	16.0645	0.0917	12.275	13.086	13.594	13.873	14.32	14.633	15.112	16.064	17.102	17.698	18.117	18.765	19.203	20.069	21.684
103.6	-0.3833	16.096	0.09173	12.298	13.111	13.62	13.9	14.348	14.661	15.141	16.096	17.136	17.733	18.153	18.803	19.241	20.11	21.729
103.7	-0.3833	16.1276	0.09177	12.321	13.136	13.645	13.926	14.375	14.689	15.171	16.128	17.17	17.768	18.19	18.841	19.281	20.151	21.775
103.8	-0.3833	16.1593	0.0918	12.344	13.161	13.671	13.953	14.403	14.718	15.2	16.159	17.204	17.804	18.227	18.879	19.32	20.192	21.82
103.9	-0.3833	16.191	0.09183	12.368	13.186	13.698	13.98	14.431	14.746	15.23	16.191	17.238	17.839	18.263	18.917	19.359	20.233	21.865
104	-0.3833	16.2229	0.09186	12.391	13.211	13.724	14.007	14.458	14.775	15.259	16.223	17.273	17.875	18.3	18.955	19.398	20.275	21.91
104.1	-0.3833	16.2549	0.0919	12.414	13.236	13.75	14.034	14.486	14.803	15.289	16.255	17.307	17.911	18.337	18.994	19.438	20.317	21.957
104.2	-0.3833	16.287	0.09193	12.437	13.261	13.776	14.061	14.514	14.832	15.319	16.287	17.342	17.947	18.374	19.032	19.478	20.359	22.002
104.3	-0.3833	16.3191	0.09196	12.461	13.286	13.803	14.088	14.542	14.861	15.349	16.319	17.376	17.983	18.411	19.071	19.517	20.4	22.048
104.4	-0.3833	16.3514	0.09199	12.485	13.312	13.829	14.115	14.571	14.89	15.379	16.351	17.411	18.019	18.448	19.11	19.557	20.442	22.094
104.5	-0.3833	16.3837	0.09203	12.508	13.337	13.856	14.142	14.599	14.919	15.409	16.384	17.446	18.056	18.485	19.149	19.597	20.485	22.141
104.6	-0.3833	16.4162	0.09206	12.532	13.362	13.882	14.169	14.627	14.948	15.439	16.416	17.481	18.092	18.523	19.188	19.637	20.527	22.187
104.7	-0.3833	16.4488	0.09209	12.555	13.388	13.909	14.197	14.656	14.977	15.469	16.449	17.516	18.129	18.56	19.227	19.677	20.569	22.233
104.8	-0.3833	16.4814	0.09213	12.579	13.413	13.936	14.224	14.684	15.006	15.5	16.481	17.551	18.165	18.598	19.266	19.718	20.612	22.28
104.9	-0.3833	16.5142	0.09216	12.603	13.439	13.963	14.252	14.713	15.035	15.53	16.514	17.587	18.202	18.636	19.306	19.758	20.655	22.327
105	-0.3833	16.547	0.09219	12.627	13.465	13.99	14.279	14.741	15.065	15.561	16.547	17.622	18.239	18.674	19.345	19.799	20.697	22.374
105.1	-0.3833	16.58	0.09223	12.651	13.491	14.017	14.307	14.77	15.094	15.591	16.58	17.657	18.276	18.712	19.385	19.84	20.741	22.421
105.2	-0.3833	16.6131	0.09226	12.675	13.517	14.044	14.335	14.799	15.124	15.622	16.613	17.693	18.313	18.75	19.425	19.881	20.784	22.468
105.3	-0.3833	16.6462	0.09229	12.699	13.543	14.071	14.363	14.828	15.154	15.653	16.646	17.729	18.35	18.788	19.464	19.922	20.827	22.516
105.4	-0.3833	16.6795	0.09233	12.723	13.569	14.098	14.39	14.857	15.183	15.684	16.68	17.765	18.388	18.827	19.505	19.963	20.87	22.564
105.5	-0.3833	16.7129	0.09236	12.747	13.595	14.126	14.419	14.886	15.213	15.715	16.713	17.801	18.425	18.865	19.545	20.004	20.914	22.611
105.6	-0.3833	16.7464	0.0924	12.772	13.621	14.153	14.447	14.915	15.243	15.746	16.746	17.837	18.463	18.904	19.585	20.046	20.958	22.66
105.7	-0.3833	16.78	0.09243	12.796	13.648	14.181	14.475	14.945	15.273	15.777	16.78	17.873	18.5	18.943	19.626	20.087	21.001	22.708
105.8	-0.3833	16.8137	0.09247	12.82	13.674	14.208	14.503	14.974	15.303	15.809	16.814	17.909	18.538	18.982	19.666	20.129	21.046	22.756
105.9	-0.3833	16.8475	0.0925	12.845	13.7	14.236	14.532	15.003	15.334	15.84	16.848	17.946	18.576	19.021	19.707	20.171	21.09	22.804
106	-0.3833	16.8814	0.09254	12.869	13.727	14.264	14.56	15.033	15.364	15.872	16.881	17.982	18.614	19.06	19.748	20.213	21.134	22.853
106.1	-0.3833	16.9154	0.09257	12.894	13.754	14.292	14.589	15.063	15.394	15.903	16.915	18.019	18.652	19.099	19.789	20.255	21.178	22.902
106.2	-0.3833	16.9496	0.09261	12.919	13.78	14.32	14.617	15.092	15.425	15.935	16.95	18.056	18.691	19.139	19.83	20.298	21.223	22.951
106.3	-0.3833	16.9838	0.09264	12.944	13.807	14.348	14.646	15.122	15.456	15.967	16.984	18.093	18.729	19.178	19.871	20.34	21.268	23
106.4	-0.3833	17.0182	0.09268	12.969	13.834	14.376	14.675	15.152	15.486	15.999	17.018	18.13	18.768	19.218	19.913	20.383	21.313	23.05
106.5	-0.3833	17.0527	0.09271	12.994	13.861	14.404	14.704	15.182	15.517	16.031	17.053	18.167	18.807	19.258	19.954	20.425	21.358	23.099
106.6	-0.3833	17.0873	0.09275	13.019	13.888	14.432	14.733	15.212	15.548	16.063	17.087	18.204	18.846	19.298	19.996	20.468	21.403	23.149
106.7	-0.3833	17.122	0.09278	13.044	13.915	14.461	14.762	15.243	15.579	16.095	17.122	18.242	18.884	19.338	20.038	20.511	21.449	23.199
106.8	-0.3833	17.1569	0.09282	13.069	13.942	14.489	14.791	15.273	15.61	16.128	17.157	18.279	18.924	19.378	20.08	20.555	21.494	23.249
106.9	-0.3833	17.1918	0.09286	13.094	13.97	14.518	14.82	15.303	15.641	16.16	17.192	18.317	18.963	19.419	20.122	20.598	21.54	23.3
107	-0.3833	17.2269	0.09289	13.12	13.997	14.547	14.85	15.334	15.673	16.193	17.227	18.355	19.002	19.459	20.164	20.642	21.586	23.35
107.1	-0.3833	17.262	0.09293	13.145	14.025	14.575	14.879	15.364	15.704	16.225	17.262	18.393	19.042	19.5	20.207	20.685	21.632	23.4
107.2	-0.3833	17.2973	0.09296	13.171	14.052	14.604	14.909	15.395	15.736	16.258	17.297	18.431	19.082	19.54	20.249	20.729	21.678	23.451
107.3	-0.3833	17.3327	0.093	13.197	14.08	14.633	14.938	15.426	15.767	16.291	17.333	18.469	19.121	19.582	20.292	20.773	21.725	23.502
107.4	-0.3833	17.3683	0.09304	13.222	14.108	14.662	14.968	15.457	15.799	16.324	17.368	18.507	19.162	19.623	20.335	20.817	21.771	23.553
107.5	-0.3833	17.4039	0.09307	13.248	14.136	14.692	14.998	15.488	15.831	16.357	17.404	18.546	19.201	19.664	20.378	20.861	21.818	23.604
107.6	-0.3833	17.4397	0.09311	13.274	14.163	14.721	15.028	15.519	15.863	16.39	17.44	18.584	19.242	19.705	20.421	20.906	21.865	23.656
107.7	-0.3833	17.4755	0.09315	13.3	14.191	14.75	15.058	15.55	15.895	16.424	17.476	18.623	19.282	19.747	20.465	20.95	21.912	23.708
107.8	-0.3833	17.5115	0.09318	13.326	14.22	14.779	15.088	15.582	15.927	16.457	17.512	18.662	19.322	19.788	20.508	20.995	21.959	23.759
107.9	-0.3833	17.5476	0.09322	13.352	14.248	14.809	15.119	15.613	15.959	16.491	17.548	18.701	19.363	19.83	20.552	21.04	22.006	23.812
108	-0.3833	17.5839	0.09326	13.378	14.276	14.839	15.149	15.645	15.992	16.524	17.584	18.74	19.404	19.872	20.596	21.085	22.054	23.864
108.1	-0.3833	17.6202	0.09329	13.405	14.305	14.868	15.179	15.676	16.024	16.558	17.62	18.779	19.445	19.914	20.639	21.13	22.101	23.916
108.2	-0.3833	17.6567	0.09333	13.431	14.333	14.898	15.21	15.708	16.057	16.592	17.657	18.818	19.486	19.956	20.683	21.175	22.149	23.969
108.3	-0.3833	17.6932	0.09337	13.457	14.361	14.928	15.24	15.74	16.089	16.626	17.693	18.858	19.527	19.999	20.728	21.221	22.197	24.022
108.4	-0.3833	17.7299	0.09341	13.484	14.39	14.958	15.271	15.772	16.122	16.66	17.73	18.898	19.568	20.041	20.772	21.266	22.246	24.075
108.5	-0.3833	17.7668	0.09344	13.511	14.419	14.988	15.302	15.804	16.155	16.694	17.767	18.937	19.61	20.084	20.816	21.312	22.294	24.127
108.6	-0.3833	17.8037	0.09348	13.537	14.448	15.018	15.333	15.836	16.188	16.728	17.804	18.977	19.651	20.127	20.861	21.358	22.342	24.181
108.7	-0.3833	17.8407	0.09352	13.564	14.476	15.048	15.364	15.868	16.221	16.763	17.841	19.017	19.693	20.17	20.906	21.404	22.391	24.235
108.8	-0.3833	17.8779	0.09356	13.59	14.505	15.079	15.395	15.9	16.254	16.797	17.878	19.057	19.735	20.213	20.951	21.45	22.44	24.288
108.9	-0.3833	17.9152	0.09359	13.618	14.535	15.109	15.426	15.933	16.288	16.832	17.915	19.097	19.777	20.256	20.996	21.497	22.488	24.342
109	-0.3833	17.9526	0.09363	13.645	14.564	15.14	15.458	15.965	16.321	16.867	17.953	19.138	19.819	20.299	21.041	21.543	22.538	24.396
109.1	-0.3833	17.9901	0.09367	13.672	14.593	15.17	15.489	15.998	16.354	16.901	17.99	19.178	19.861	20.343	21.086	21.59	22.587	24.45
109.2	-0.3833	18.0277	0.09371	13.699	14.622	15.201	15.52	16.031	16.388	16.936	18.028	19.219	19.903	20.386	21.132	21.637	22.636	24.505
109.3	-0.3833	18.0654	0.09375	13.726	14.651	15.232	15.552	16.063	16.422	16.971	18.065	19.26	19.946	20.43	21.178	21.684	22.686	24.559
109.4	-0.3833	18.1033	0.09378	13.753	14.681	15.263	15.584	16.096	16.456	17.006	18.103	19.3	19.988	20.474	21.223	21.731	22.735	24.613
109.5	-0.3833	18.1412	0.09382	13.781	14.711	15.294	15.615	16.129	16.489	17.042	18.141	19.341	20.031	20.518	21.269	21.778	22.785	24.668
109.6	-0.3833	18.1792	0.09386	13.808	14.74	15.325	15.647	16.162	16.523	17.077	18.179	19.382	20.074	20.562	21.315	21.825	22.835	24.724
109.7	-0.3833	18.2174	0.0939	13.835	14.77	15.356	15.679	16.195	16.557	17.112	18.217	19.424	20.117	20.606	21.361	21.873	22.886	24.779
109.8	-0.3833	18.2556	0.09394	13.863	14.8	15.387	15.711	16.229	16.591	17.148	18.256	19.465	20.16	20.65	21.408	21.92	22.936	24.834
109.9	-0.3833	18.294	0.09397	13.891	14.83	15.418	15.743	16.262	16.626	17.183	18.294	19.506	20.203	20.695	21.454	21.968	22.986	24.889
110	-0.3833	18.3324	0.09401	13.919	14.86	15.45	15.775	16.296	16.66	17.219	18.332	19.548	20.246	20.739	21.5	22.016	23.037	24.945
